35232 22563 7.56884 48.8402 76.2655 0.041148 0
35216 22563 11.4782 32.2058 50.2675 0.0408534 0
35216 22563 11.0826 33.3553 52.0616 0.0408534 0
35216 22563 9.01582 41.0017 63.9963 0.0408534 0
35357 22563 12.3909 29.8335 46.7512 0.0433915 0
35010 22563 7.95335 46.479 72.121 0.0371103 0
34472 22563 8.547 43.2507 66.0804 0.0272591 0
34772 22563 10.9781 33.6727 51.8945 0.0327626 0
34374 22563 8.50464 43.4661 66.2207 0.0254433 0
35354 22563 9.77668 37.8108 59.2471 0.0433199 0
37538 22563 10.537 35.0824 58.3678 0.0663735 0.1
37552 22563 9.25744 39.9315 66.4602 0.0670174 0.1
37488 22563 10.9792 33.6693 55.9422 0.0668441 0.1
37456 22563 12.1211 30.4976 50.6291 0.0662246 0.1
37631 22563 8.06129 45.8566 76.4823 0.0686619 0.1
37628 22563 8.9478 41.3134 68.8993 0.0680001 0.1
37547 22563 8.63453 42.8122 71.2453 0.0663618 0.1
37518 22563 7.52231 49.1423 81.7163 0.0659587 0.1
37690 22563 9.55785 38.6764 64.6079 0.0709312 0.1
42838 22563 9.66986 38.2284 72.582 0.121352 0.2
41553 22563 9.03045 40.9352 75.3898 0.0986359 0.2
41579 22563 9.33844 39.5852 72.9491 0.0995418 0.2
42928 22563 9.31064 39.7034 75.5407 0.123189 0.2
42925 22563 13.1356 28.1421 53.5401 0.121186 0.2
42422 22563 10.0652 36.7268 69.0538 0.115109 0.2
42801 22563 11.4155 32.3827 61.4299 0.121877 0.2
42471 22563 10.7507 34.3851 64.7255 0.115974 0.2
42305 22563 9.96203 37.1073 69.5767 0.111472 0.2
42495 22563 11.946 30.9446 58.2823 0.115596 0.2
48901 22563 8.90813 41.4974 89.9397 0.163175 0.3
48169 22563 12.1414 30.4465 65.0008 0.154544 0.3
48234 22563 9.29449 39.7723 85.0252 0.156301 0.3
48796 22563 11.5991 31.87 68.9254 0.161955 0.3
48450 22563 7.88244 46.8971 100.705 0.158955 0.3
48807 22563 9.57994 38.5873 83.4717 0.162588 0.3
48749 22563 10.4281 35.4489 76.5916 0.161755 0.3
48382 22563 9.34547 39.5554 84.8208 0.157361 0.3
48658 22563 11.0682 33.3987 72.0273 0.160515 0.3
56297 22563 13.3869 27.6137 68.9007 0.200227 0.4
55883 22563 10.6051 34.8571 86.3344 0.197053 0.4
55963 22563 10.7008 34.5455 85.685 0.199397 0.4
56410 22563 11.2432 32.879 82.2029 0.200588 0.4
56011 22563 11.8894 31.0918 77.1848 0.197294 0.4
55945 22563 13.3363 27.7186 68.7299 0.198471 0.4
56054 22563 11.0835 33.3527 82.8612 0.19878 0.4
56201 22563 12.0229 30.7468 76.5873 0.198855 0.4
56065 22563 10.0542 36.7672 91.3619 0.198072 0.4
56269 22563 12.7215 29.0583 72.4689 0.19887 0.4
67931 22563 10.0117 36.9231 111.168 0.246593 0.5
66459 22563 10.5365 35.0841 103.342 0.239907 0.5
67039 22563 10.1238 36.5143 108.494 0.242199 0.5
67702 22563 12.2143 30.2647 90.8138 0.243892 0.5
66659 22563 10.485 35.2563 104.162 0.241403 0.5
67760 22563 16.3748 22.5751 67.7979 0.244581 0.5
67759 22563 14.509 25.4782 76.5155 0.246676 0.5
66851 22563 9.36792 39.4606 116.919 0.242773 0.5
67479 22563 14.3583 25.7456 76.999 0.24441 0.5
67028 22563 11.2228 32.9387 97.8534 0.242169 0.5
83167 22563 15.9226 23.2163 85.577 0.284347 0.6
83457 22563 12.8888 28.681 106.089 0.28446 0.6
83250 22563 16.1298 22.918 84.5619 0.284321 0.6
82909 22563 14.2955 25.8587 95.0216 0.283692 0.6
82803 22563 13.5425 27.2966 100.177 0.2833 0.6
83632 22563 13.0848 28.2514 104.719 0.284685 0.6
83366 22563 13.2945 27.8058 102.74 0.284446 0.6
83548 22563 15.0424 24.5748 90.9994 0.284644 0.6
109254 22563 14.4131 25.6478 124.194 0.327289 0.7
110460 22563 16.5476 22.3395 109.368 0.328577 0.7
110313 22563 20.3162 18.1955 88.9618 0.328721 0.7
110841 22563 20.5325 18.0038 88.446 0.329381 0.7
110097 22563 13.6946 26.9935 131.719 0.327772 0.7
110345 22563 15.8002 23.3962 114.422 0.328697 0.7
109864 22563 15.0314 24.5928 119.75 0.329476 0.7
110139 22563 16.2731 22.7162 110.889 0.329366 0.7
110330 22563 14.9778 24.6807 120.688 0.328985 0.7
110312 22563 13.8586 26.674 130.414 0.328621 0.7
164989 22563 19.0172 19.4384 142.144 0.375241 0.8
166980 22563 17.2399 21.4423 158.69 0.376153 0.8
166140 22563 18.3172 20.1812 148.605 0.375855 0.8
166466 22563 23.7717 15.5506 114.732 0.376712 0.8
166541 22563 17.8894 20.6638 152.526 0.376028 0.8
166842 22563 17.7003 20.8846 154.435 0.37638 0.8
166637 22563 17.9809 20.5587 151.838 0.376012 0.8