0.00701332 13.1929 33958 0 32052 1906 0 0 12 17
0.00742715 13.9713 34061 0 32086 1975 0 0 12 17
0.00699202 13.1529 34015 0 32068 1947 0 0 12 17
0.00713209 13.4163 34081 0 32102 1979 0 0 12 17
0.00742008 13.958 34038 0 32072 1966 0 0 12 17
0.00711915 13.3919 34050 0 32078 1972 0 0 12 17
0.00767423 14.436 34070 0 32090 1980 0 0 12 17
0.00764557 14.382 33979 0 32076 1903 0 0 12 17
0.00724957 13.6372 34049 0 32080 1969 0 0 12 17
0.00797449 15.0008 34077 0 32090 1987 0 0 12 17
0.0072343 13.6085 34080 0 32091 1989 0 0 12 17
0.00729389 13.7207 33948 0 32077 1871 0 0 12 17
0.00781873 14.7079 34130 0 32117 2013 0 0 12 17
0.00727557 13.6862 33992 0 32080 1912 0 0 12 17
0.00711199 13.3784 34081 0 32097 1984 0 0 12 17
0.00779228 14.6581 34023 0 32077 1946 0 0 12 17
0.0070172 13.2002 34096 0 32113 1983 0 0 12 17
0.00758268 14.2639 34083 0 32092 1991 0 0 12 17
0.00745912 14.0315 34066 0 32099 1967 0 0 12 17
0.00695168 13.0769 34062 0 32094 1968 0 0 12 17
0.00765887 14.4072 34063 0 32086 1977 0 0 12 17
0.00738508 13.8921 34046 0 32076 1970 0 0 12 17
0.00699105 13.151 34080 0 32091 1989 0 0 12 17
0.00785879 14.7832 34146 0 32124 2022 0 0 12 17
0.00698817 13.1455 34021 0 32069 1952 0 0 12 17
0.00723471 13.6092 33943 0 32071 1872 0 0 12 17
0.00755356 14.209 34024 0 32062 1962 0 0 12 17
0.00706023 13.2811 34039 0 32087 1952 0 0 12 17
0.00743554 13.987 33998 0 32077 1921 0 0 12 17
0.00726459 13.6656 34045 0 32086 1959 0 0 12 17
0.00704956 13.2611 34040 0 32101 1939 0 0 12 17
0.0076633 14.4155 34103 0 32108 1995 0 0 12 17
0.00705468 13.2706 34079 0 32100 1979 0 0 12 17
0.00697563 13.1219 34119 0 32110 2009 0 0 12 17
0.00782182 14.7137 33974 0 32102 1872 0 0 12 17
0.00703159 13.2273 34070 0 32106 1964 0 0 12 17
0.00698748 13.1443 34043 0 32089 1954 0 0 12 17
0.00749925 14.1068 33977 0 32076 1901 0 0 12 17
0.00702144 13.2081 34063 0 32088 1975 0 0 12 17
0.00724672 13.6318 34087 0 32101 1986 0 0 12 17
0.00726172 13.6601 33983 0 32082 1901 0 0 12 17
0.00703029 13.2248 34003 0 32084 1919 0 0 12 17
0.00758858 14.2749 34119 0 32131 1988 0 0 12 17
0.00698503 13.1397 34117 0 32109 2008 0 0 12 17
0.00696013 13.0928 34058 0 32081 1977 0 0 12 17
0.0076059 14.3075 34043 0 32078 1965 0 0 12 17
0.00695509 13.0831 34085 0 32100 1985 0 0 12 17
0.00695089 13.0753 34039 0 32070 1969 0 0 12 17
0.00759919 14.2948 33869 0 32046 1823 0 0 12 17
0.00699369 13.1559 34001 0 32071 1930 0 0 12 17
0.00768105 14.4489 34036 0 32098 1938 0 0 12 17
0.00727774 13.6903 34051 0 32109 1942 0 0 12 17
0.00714896 13.448 33984 0 32077 1907 0 0 12 17
0.00777626 14.628 34057 0 32084 1973 0 0 12 17
0.00696917 13.1098 34033 0 32086 1947 0 0 12 17
0.00710888 13.3726 34039 0 32082 1957 0 0 12 17
0.00762064 14.3354 34052 0 32081 1971 0 0 12 17
0.00694329 13.0612 34038 0 32071 1967 0 0 12 17
0.00689978 12.9792 34082 0 32106 1976 0 0 12 17
0.0074802 14.071 34082 0 32092 1990 0 0 12 17
0.00699064 13.1502 34087 0 32103 1984 0 0 12 17
0.00719777 13.5398 34081 0 32104 1977 0 0 12 17
0.00740434 13.9283 33974 0 32080 1894 0 0 12 17
0.00710784 13.3707 34086 0 32095 1991 0 0 12 17
0.00758405 14.2663 34062 0 32092 1970 0 0 12 17
0.00731806 13.7661 34062 0 32096 1966 0 0 12 17
0.00696638 13.1045 34024 0 32108 1916 0 0 12 17
0.00766247 14.414 34036 0 32074 1962 0 0 12 17
0.00707642 13.3115 34059 0 32104 1955 0 0 12 17
0.0070027 13.1729 34045 0 32091 1954 0 0 12 17
0.00747725 14.0655 34039 0 32077 1962 0 0 12 17
0.00699307 13.1547 34120 0 32110 2010 0 0 12 17
0.00712385 13.4007 34090 0 32108 1982 0 0 12 17
0.0073518 13.8296 34115 0 32108 2007 0 0 12 17
0.00692694 13.0303 34027 0 32093 1934 0 0 12 17
0.00744427 14.0034 34001 0 32070 1931 0 0 12 17
0.00702366 13.2123 34027 0 32081 1946 0 0 12 17
0.00718141 13.509 34041 0 32082 1959 0 0 12 17
0.00772177 14.5255 33976 0 32086 1890 0 0 12 17
0.00692561 13.0279 34005 0 32077 1928 0 0 12 17
0.00749214 14.0936 34074 0 32133 1941 0 0 12 17
0.00705602 13.2731 34055 0 32092 1963 0 0 12 17
0.00697022 13.1118 33950 0 32075 1875 0 0 12 17
0.00754009 14.1836 34112 0 32109 2003 0 0 12 17
0.00693961 13.0542 34044 0 32081 1963 0 0 12 17
0.00747198 14.0556 34069 0 32100 1969 0 0 12 17
0.00714883 13.4477 34049 0 32106 1943 0 0 12 17
0.00738088 13.8842 34120 0 32114 2006 0 0 12 17
0.00863636 16.2458 34049 0 32095 1954 0 0 12 17
0.00765603 14.4019 33965 0 32092 1873 0 0 12 17
0.00788695 14.8361 34066 0 32104 1962 0 0 12 17
0.00876424 16.4865 34003 0 32062 1941 0 0 12 17
0.00739319 13.9074 34084 0 32097 1987 0 0 12 17
0.00753557 14.1752 34097 0 32100 1997 0 0 12 17
0.00773409 14.5486 34008 0 32063 1945 0 0 12 17
0.00734696 13.8204 33985 0 32079 1906 0 0 12 17
0.00779005 14.6539 34055 0 32101 1954 0 0 12 17
0.00760792 14.3113 34039 0 32077 1962 0 0 12 17
0.00718181 13.5097 33974 0 32073 1901 0 0 12 17
0.00810038 15.2377 33946 0 32066 1880 0 0 12 17
0.0106972 20.1222 38090 3753 32100 2237 0.0985298 0.1 12 17
0.00968604 18.2202 38452 3864 32107 2481 0.100489 0.1 12 17
0.0102759 19.33 37830 3696 32069 2065 0.0977002 0.1 12 17
0.00993289 18.6847 38177 3894 32057 2226 0.101999 0.1 12 17
0.0099231 18.6663 38439 3905 32099 2435 0.10159 0.1 12 17
0.0100883 18.9769 38364 3913 32083 2368 0.101997 0.1 12 17
0.0101206 19.0376 38352 3834 32122 2396 0.0999687 0.1 12 17
0.00965153 18.1554 38263 3795 32119 2349 0.099182 0.1 12 17
0.0100265 18.8606 38467 3907 32091 2469 0.101568 0.1 12 17
0.00949175 17.8548 38042 3688 32099 2255 0.0969455 0.1 12 17
0.0107932 20.3029 38358 3854 32102 2402 0.100474 0.1 12 17
0.00944899 17.7744 38212 3776 32093 2343 0.0988171 0.1 12 17
0.0131705 24.7747 38368 3913 32098 2357 0.101986 0.1 12 17
0.00966146 18.1742 38401 3886 32101 2414 0.101195 0.1 12 17
0.0103469 19.4635 38076 3765 32093 2218 0.0988812 0.1 12 17
0.00971598 18.2766 38389 3866 32109 2414 0.100706 0.1 12 17
0.0105826 19.9065 38201 3828 32089 2284 0.100207 0.1 12 17
0.00984238 18.5143 38245 3907 32081 2257 0.102157 0.1 12 17
0.0117439 22.0912 37682 3585 32088 2009 0.0951383 0.1 12 17
0.0108362 20.3837 38537 3917 32118 2502 0.101643 0.1 12 17
0.0105038 19.7585 38640 3963 32136 2541 0.102562 0.1 12 17
0.00988836 18.6008 38426 3887 32103 2436 0.101155 0.1 12 17
0.0112561 21.1736 38091 3806 32099 2186 0.0999186 0.1 12 17
0.00955254 17.9691 38376 3858 32099 2419 0.100532 0.1 12 17
0.0102849 19.3467 38164 3783 32059 2322 0.0991248 0.1 12 17
0.00975369 18.3475 38248 3823 32119 2306 0.0999529 0.1 12 17
0.0101959 19.1792 38213 3842 32102 2269 0.100542 0.1 12 17
0.00980432 18.4428 38372 3881 32097 2394 0.101141 0.1 12 17
0.0103513 19.4718 38251 3831 32086 2334 0.100154 0.1 12 17
0.00994675 18.7107 38141 3794 32096 2251 0.099473 0.1 12 17
0.00979801 18.431 38553 3984 32096 2473 0.103338 0.1 12 17
0.0102654 19.3102 38360 3844 32112 2404 0.100209 0.1 12 17
0.0098727 18.5713 38105 3778 32085 2242 0.0991471 0.1 12 17
0.010127 19.0498 37922 3703 32109 2110 0.0976478 0.1 12 17
0.0101958 19.1793 38278 3803 32114 2361 0.0993521 0.1 12 17
0.0102936 19.3633 38257 3846 32066 2345 0.100531 0.1 12 17
0.00962762 18.1105 38111 3750 32102 2259 0.0983968 0.1 12 17
0.0100943 18.9883 38512 3864 32120 2528 0.100332 0.1 12 17
0.00979182 18.4193 38024 3766 32078 2180 0.0990427 0.1 12 17
0.0102901 19.3566 38332 3853 32094 2385 0.100517 0.1 12 17
0.00922558 17.3541 38465 3876 32098 2491 0.100767 0.1 12 17
0.0112125 21.0916 38027 3766 32089 2172 0.0990349 0.1 12 17
0.00912974 17.1739 38413 3854 32102 2457 0.100331 0.1 12 17
0.00968699 18.2225 38519 3865 32122 2532 0.10034 0.1 12 17
0.00978102 18.399 38331 3839 32103 2389 0.100154 0.1 12 17
0.00993567 18.6899 38320 3890 32102 2328 0.101514 0.1 12 17
0.00961556 18.0878 38422 3836 32124 2462 0.0998386 0.1 12 17
0.00967718 18.2037 38340 3790 32117 2433 0.0988524 0.1 12 17
0.00939898 17.6803 38255 3864 32094 2297 0.101006 0.1 12 17
0.0095707 18.0035 38527 3951 32117 2459 0.102551 0.1 12 17
0.00962028 18.0966 38217 3846 32088 2283 0.100636 0.1 12 17
0.0097722 18.3823 38370 3882 32112 2376 0.101173 0.1 12 17
0.00986259 18.5524 38402 3927 32085 2390 0.10226 0.1 12 17
0.00950748 17.8843 38269 3802 32057 2410 0.0993493 0.1 12 17
0.00985743 18.5426 38379 3868 32100 2411 0.100784 0.1 12 17
0.00944781 17.7723 38403 3930 32082 2391 0.102336 0.1 12 17
0.00985578 18.5397 38523 3927 32130 2466 0.101939 0.1 12 17
0.0105089 19.7682 38266 3871 32098 2297 0.10116 0.1 12 17
0.00995024 18.7172 38223 3847 32084 2292 0.100646 0.1 12 17
0.00960278 18.0638 37989 3671 32081 2237 0.0966332 0.1 12 17
0.00955616 17.976 38243 3735 32086 2422 0.0976649 0.1 12 17
0.0091618 17.2342 38186 3832 32097 2257 0.100351 0.1 12 17
0.00956334 17.9894 38380 3868 32105 2407 0.100782 0.1 12 17
0.00962969 18.1142 37961 3678 32101 2182 0.0968889 0.1 12 17
0.00960621 18.0702 38492 3955 32102 2435 0.102749 0.1 12 17
0.010263 19.3056 38168 3768 32099 2301 0.0987214 0.1 12 17
0.0105368 19.8207 38331 3798 32097 2436 0.0990843 0.1 12 17
0.00963088 18.1165 38028 3716 32088 2224 0.0977175 0.1 12 17
0.00995848 18.7328 38539 3953 32112 2474 0.102571 0.1 12 17
0.00889615 16.7345 38361 3819 32061 2481 0.0995542 0.1 12 17
0.00996176 18.7389 38381 3868 32122 2391 0.100779 0.1 12 17
0.00946738 17.8089 38371 3797 32119 2455 0.0989549 0.1 12 17
0.00994486 18.7072 38407 3872 32084 2451 0.100815 0.1 12 17
0.00931959 17.531 38216 3795 32105 2316 0.099304 0.1 12 17
0.0102575 19.2952 38203 3796 32104 2303 0.0993639 0.1 12 17
0.00919957 17.3053 38438 3954 32081 2403 0.102867 0.1 12 17
0.00944364 17.7643 38168 3794 32096 2278 0.0994026 0.1 12 17
0.0100313 18.8696 38369 3883 32105 2381 0.101201 0.1 12 17
0.00986267 18.5525 38437 3859 32110 2468 0.100398 0.1 12 17
0.00955845 17.9803 38310 3866 32080 2364 0.100914 0.1 12 17
0.0117645 22.1298 38117 3764 32100 2253 0.0987486 0.1 12 17
0.0106828 20.0951 38145 3820 32075 2250 0.100144 0.1 12 17
0.0105873 19.9157 38401 3905 32094 2402 0.10169 0.1 12 17
0.0121241 22.8062 37747 3663 32067 2017 0.0970408 0.1 12 17
0.0110481 20.7822 38337 3917 32095 2325 0.102173 0.1 12 17
0.0101891 19.1666 38507 3868 32114 2525 0.100449 0.1 12 17
0.0116319 21.8805 38321 3870 32082 2369 0.100989 0.1 12 17
0.0102427 19.2673 38441 3826 32116 2499 0.0995291 0.1 12 17
0.0110595 20.8038 38083 3776 32101 2206 0.0991519 0.1 12 17
0.011214 21.0944 38466 3859 32124 2483 0.100322 0.1 12 17
0.00995666 18.7292 38300 3843 32093 2364 0.100339 0.1 12 17
0.00999971 18.8102 38047 3753 32097 2197 0.0986412 0.1 12 17
0.0113763 21.3997 38221 3818 32120 2283 0.0998927 0.1 12 17
0.0096169 18.0902 38392 3902 32105 2385 0.101636 0.1 12 17
0.0101706 19.1317 38111 3731 32111 2269 0.0978982 0.1 12 17
0.0111399 20.955 38539 3909 32109 2521 0.10143 0.1 12 17
0.01008 18.9613 38251 3871 32080 2300 0.1012 0.1 12 17
0.00920716 17.3195 38168 3821 32061 2286 0.10011 0.1 12 17
0.0121384 22.8332 38166 3782 32117 2267 0.0990934 0.1 12 17
0.00970583 18.2575 38353 3870 32107 2376 0.100905 0.1 12 17
0.0116512 21.9169 43166 8563 32103 2500 0.198374 0.2 12 17
0.0140705 26.4674 43300 8797 32087 2416 0.203164 0.2 12 17
0.0123165 23.1684 43288 8655 32104 2529 0.19994 0.2 12 17
0.0130662 24.5784 43433 8756 32105 2572 0.201598 0.2 12 17
0.0118454 22.2821 43266 8703 32082 2481 0.201151 0.2 12 17
0.0137253 25.8183 43164 8576 32092 2496 0.198684 0.2 12 17
0.0132907 25.0007 43145 8570 32116 2459 0.198633 0.2 12 17
0.0118619 22.3132 43306 8661 32105 2540 0.199995 0.2 12 17
0.0128474 24.1669 43271 8718 32098 2455 0.201474 0.2 12 17
0.0122695 23.0798 43330 8669 32135 2526 0.200069 0.2 12 17
0.0128003 24.0782 43355 8721 32061 2573 0.201153 0.2 12 17
0.013338 25.0896 43331 8736 32092 2503 0.201611 0.2 12 17
0.0119239 22.4297 43412 8746 32063 2603 0.201465 0.2 12 17
0.0135116 25.4163 43342 8774 32093 2475 0.202436 0.2 12 17
0.0125512 23.6097 43205 8802 32075 2328 0.203726 0.2 12 17
0.0117357 22.0759 43236 8702 32088 2446 0.201267 0.2 12 17
0.0136847 25.7419 43344 8818 32112 2414 0.203442 0.2 12 17
0.0129735 24.4039 43321 8673 32077 2571 0.200203 0.2 12 17
0.0130577 24.5623 43185 8668 32079 2438 0.200718 0.2 12 17
0.0123688 23.2667 43265 8622 32097 2546 0.199283 0.2 12 17
0.0123148 23.165 43190 8623 32117 2450 0.199653 0.2 12 17
0.0127709 24.0228 43087 8525 32084 2478 0.197856 0.2 12 17
0.0119226 22.4272 43249 8738 32090 2421 0.202039 0.2 12 17
0.0112789 21.2165 43098 8402 32098 2598 0.194951 0.2 12 17
0.013442 25.2853 43230 8661 32085 2484 0.200347 0.2 12 17
0.0114525 21.543 43276 8686 32082 2508 0.200712 0.2 12 17
0.0134227 25.249 43131 8573 32077 2481 0.198767 0.2 12 17
0.011498 21.6285 43202 8678 32083 2441 0.20087 0.2 12 17
0.0125101 23.5325 43410 8752 32066 2592 0.201613 0.2 12 17
0.0140527 26.434 43210 8650 32087 2473 0.200185 0.2 12 17
0.0117323 22.0693 43213 8654 32081 2478 0.200264 0.2 12 17
0.0152663 28.7167 43547 8735 32102 2710 0.200588 0.2 12 17
0.0113628 21.3742 43380 8716 32115 2549 0.200922 0.2 12 17
0.0110148 20.7198 43175 8513 32121 2541 0.197174 0.2 12 17
0.0144572 27.1949 43116 8600 32069 2447 0.199462 0.2 12 17
0.0109923 20.6776 43049 8496 32082 2471 0.197357 0.2 12 17
0.0139486 26.2383 43086 8488 32085 2513 0.197001 0.2 12 17
0.0125676 23.6405 43175 8624 32102 2449 0.199745 0.2 12 17
0.0125392 23.5872 43183 8534 32078 2571 0.197624 0.2 12 17
0.0142949 26.8897 43286 8624 32113 2549 0.199233 0.2 12 17
0.0116283 21.8739 43315 8674 32137 2504 0.200254 0.2 12 17
0.0144199 27.1247 43397 8603 32107 2687 0.19824 0.2 12 17
0.0124022 23.3294 43486 8852 32113 2521 0.20356 0.2 12 17
0.0115969 21.8147 43017 8548 32071 2398 0.198712 0.2 12 17
0.0149681 28.156 43023 8492 32098 2433 0.197383 0.2 12 17
0.0120248 22.6195 43317 8731 32085 2501 0.201561 0.2 12 17
0.0148945 28.0174 43201 8596 32088 2517 0.198977 0.2 12 17
0.0124579 23.4341 43281 8614 32079 2588 0.199025 0.2 12 17
0.011603 21.8262 43268 8621 32114 2533 0.199247 0.2 12 17
0.0136905 25.7527 43271 8710 32100 2461 0.20129 0.2 12 17
0.0124237 23.3698 43430 8838 32095 2497 0.2035 0.2 12 17
0.0117684 22.137 43245 8676 32095 2474 0.200624 0.2 12 17
0.0120451 22.6577 43315 8736 32093 2486 0.201685 0.2 12 17
0.0124934 23.501 43284 8618 32124 2542 0.199104 0.2 12 17
0.0117442 22.0918 43262 8759 32065 2438 0.202464 0.2 12 17
0.0114771 21.5893 43253 8682 32111 2460 0.200726 0.2 12 17
0.0115428 21.7129 43140 8622 32090 2428 0.199861 0.2 12 17
0.0110397 20.7665 43112 8543 32085 2484 0.198158 0.2 12 17
0.0110319 20.7518 43217 8703 32088 2426 0.201379 0.2 12 17
0.0121552 22.8647 43349 8628 32109 2612 0.199036 0.2 12 17
0.0112451 21.1528 43253 8691 32088 2474 0.200934 0.2 12 17
0.0120859 22.7345 43250 8799 32076 2375 0.203445 0.2 12 17
0.0114672 21.5707 43179 8637 32068 2474 0.200028 0.2 12 17
0.0139397 26.2215 43408 8709 32096 2603 0.200631 0.2 12 17
0.0123035 23.1438 43317 8768 32091 2458 0.202415 0.2 12 17
0.0116428 21.901 43222 8716 32086 2420 0.201657 0.2 12 17
0.0125689 23.6429 43436 8784 32093 2559 0.202229 0.2 12 17
0.011487 21.6079 43175 8594 32094 2487 0.19905 0.2 12 17
0.0114702 21.5764 43250 8631 32117 2502 0.199561 0.2 12 17
0.0120882 22.7386 43269 8753 32059 2457 0.202293 0.2 12 17
0.0117504 22.1035 43439 8795 32093 2551 0.202468 0.2 12 17
0.0127251 23.9368 43057 8517 32079 2461 0.197808 0.2 12 17
0.0105763 19.8948 43430 8733 32098 2599 0.201082 0.2 12 17
0.0124751 23.4665 43260 8689 32086 2485 0.200855 0.2 12 17
0.0111057 20.8907 43341 8664 32112 2565 0.199903 0.2 12 17
0.0123594 23.2489 43196 8534 32099 2563 0.197565 0.2 12 17
0.0124062 23.3371 43336 8731 32118 2487 0.201472 0.2 12 17
0.0110765 20.8358 43172 8598 32083 2491 0.199157 0.2 12 17
0.0119854 22.5454 43216 8712 32078 2426 0.201592 0.2 12 17
0.0111125 20.9037 43194 8701 32080 2413 0.20144 0.2 12 17
0.0119586 22.495 43363 8746 32095 2522 0.201693 0.2 12 17
0.0109303 20.5608 43078 8588 32068 2422 0.199359 0.2 12 17
0.0117286 22.0623 43162 8596 32088 2478 0.199157 0.2 12 17
0.0112731 21.2056 43281 8601 32111 2569 0.198725 0.2 12 17
0.0126174 23.7342 43282 8704 32069 2509 0.2011 0.2 12 17
0.0125589 23.6243 43269 8703 32117 2449 0.201137 0.2 12 17
0.0111567 20.9866 43120 8624 32082 2414 0.2 0.2 12 17
0.0113905 21.4264 43199 8588 32084 2527 0.198801 0.2 12 17
0.0114116 21.4661 43317 8692 32076 2549 0.20066 0.2 12 17
0.0145095 27.2934 43434 8882 32096 2456 0.204494 0.2 12 17
0.0128659 24.2016 43270 8726 32105 2439 0.201664 0.2 12 17
0.0110923 20.8653 43135 8561 32098 2476 0.19847 0.2 12 17
0.0122303 23.0061 43236 8754 32042 2440 0.20247 0.2 12 17
0.0111266 20.9299 42995 8479 32066 2450 0.197209 0.2 12 17
0.0117068 22.0215 43292 8765 32078 2449 0.202462 0.2 12 17
0.0110559 20.7971 43499 8830 32117 2552 0.202993 0.2 12 17
0.0133749 25.1589 43039 8534 32083 2422 0.198285 0.2 12 17
0.0116321 21.8808 43191 8635 32076 2480 0.199926 0.2 12 17
0.0115541 21.7342 43525 8862 32139 2524 0.203607 0.2 12 17
0.0115363 21.7007 43408 8642 32110 2656 0.199088 0.2 12 17
0.013563 25.5129 50645 15198 32092 3355 0.300089 0.3 12 17
0.0127948 24.068 50505 15125 32104 3276 0.299475 0.3 12 17
0.0123193 23.1735 50242 15141 32062 3039 0.301361 0.3 12 17
0.0124435 23.407 50317 15150 32125 3042 0.301091 0.3 12 17
0.0150265 28.2657 50816 15402 32094 3320 0.303094 0.3 12 17
0.0141741 26.6623 50463 15247 32110 3106 0.302142 0.3 12 17
0.011601 21.8224 50519 15163 32085 3271 0.300145 0.3 12 17
0.0123429 23.2179 50717 15360 32082 3275 0.302857 0.3 12 17
0.0116939 21.9971 50370 15097 32103 3170 0.299722 0.3 12 17
0.0139485 26.2381 49897 14911 32062 2924 0.298836 0.3 12 17
0.0124348 23.3907 50442 15153 32104 3185 0.300404 0.3 12 17
0.0138843 26.1172 50287 15110 32064 3113 0.300475 0.3 12 17
0.0139405 26.2229 50470 15337 32085 3048 0.303883 0.3 12 17
0.0174367 32.7993 50301 14965 32115 3221 0.297509 0.3 12 17
0.0120276 22.6248 50722 15334 32092 3296 0.302315 0.3 12 17
0.01321 24.8489 50693 15327 32108 3258 0.302349 0.3 12 17
0.0127626 24.0073 50438 15144 32095 3199 0.30025 0.3 12 17
0.0129382 24.3377 49761 14727 32075 2959 0.295955 0.3 12 17
0.0142422 26.7905 50721 15401 32098 3222 0.303641 0.3 12 17
0.0133533 25.1184 50350 15177 32055 3118 0.30143 0.3 12 17
0.0117622 22.1256 50374 15133 32102 3139 0.300413 0.3 12 17
0.0124834 23.4819 50844 15459 32089 3296 0.304048 0.3 12 17
0.0127229 23.9326 50349 15137 32082 3130 0.300642 0.3 12 17
0.013486 25.368 50318 15035 32070 3213 0.2988 0.3 12 17
0.0124993 23.5122 50361 14999 32120 3242 0.29783 0.3 12 17
0.0120373 22.643 50268 14965 32118 3185 0.297704 0.3 12 17
0.0140446 26.4187 50202 14925 32099 3178 0.297299 0.3 12 17
0.0131583 24.7516 50438 15063 32109 3266 0.298644 0.3 12 17
0.0180486 33.9503 50852 15432 32121 3299 0.303469 0.3 12 17
0.0145354 27.342 49846 14831 32080 2935 0.297536 0.3 12 17
0.0162452 30.5581 50553 15185 32096 3272 0.300378 0.3 12 17
0.0154198 29.0055 50182 15042 32083 3057 0.299749 0.3 12 17
0.0150621 28.3327 50546 15336 32073 3137 0.303407 0.3 12 17
0.0131171 24.6742 50458 15105 32104 3249 0.299358 0.3 12 17
0.0132983 25.0149 50552 15245 32095 3212 0.301571 0.3 12 17
0.0172671 32.4804 50303 15102 32106 3095 0.300221 0.3 12 17
0.0147097 27.6699 50636 15252 32135 3249 0.301209 0.3 12 17
0.0148596 27.9518 50086 14979 32085 3022 0.299066 0.3 12 17
0.0121354 22.8276 50155 14989 32106 3060 0.298854 0.3 12 17
0.0129509 24.3615 50163 14940 32097 3126 0.297829 0.3 12 17
0.0141663 26.6476 50535 15178 32093 3264 0.300346 0.3 12 17
0.0114284 21.4976 50754 15339 32111 3304 0.302222 0.3 12 17
0.0124167 23.3567 50033 14924 32097 3012 0.298283 0.3 12 17
0.0126513 23.7981 50092 14943 32088 3061 0.298311 0.3 12 17
0.0124004 23.3261 50485 15251 32080 3154 0.30209 0.3 12 17
0.0132111 24.851 50525 15225 32088 3212 0.301336 0.3 12 17
0.0131003 24.6426 50336 15052 32111 3173 0.299031 0.3 12 17
0.0138964 26.1401 50564 15313 32089 3162 0.302844 0.3 12 17
0.0142956 26.8908 50682 15341 32086 3255 0.302691 0.3 12 17
0.0121789 22.9094 50675 15251 32103 3321 0.300957 0.3 12 17
0.0130293 24.5089 50148 14973 32112 3063 0.298576 0.3 12 17
0.0132879 24.9954 50568 15188 32089 3291 0.300348 0.3 12 17
0.0134547 25.3092 50570 15276 32103 3191 0.302076 0.3 12 17
0.0132304 24.8871 50336 15022 32122 3192 0.298435 0.3 12 17
0.0122823 23.1037 50715 15337 32066 3312 0.302415 0.3 12 17
0.0123638 23.2571 49982 14876 32098 3008 0.297627 0.3 12 17
0.0124979 23.5095 50275 15027 32082 3166 0.298896 0.3 12 17
0.0132964 25.0113 50375 15162 32099 3114 0.300983 0.3 12 17
0.0139197 26.1838 50718 15296 32110 3312 0.301589 0.3 12 17
0.0130487 24.5454 50362 15020 32096 3246 0.298241 0.3 12 17
0.0120906 22.7433 50750 15368 32086 3296 0.302818 0.3 12 17
0.0124605 23.4389 50114 14924 32070 3120 0.297801 0.3 12 17
0.0133365 25.0868 50276 15017 32104 3155 0.298691 0.3 12 17
0.0117458 22.0946 50335 15233 32068 3034 0.302632 0.3 12 17
0.014526 27.3243 50305 15058 32076 3171 0.299334 0.3 12 17
0.0141627 26.6408 50084 15007 32070 3007 0.299637 0.3 12 17
0.0120905 22.7432 50309 15046 32090 3173 0.299072 0.3 12 17
0.0125553 23.6175 50455 15248 32067 3140 0.30221 0.3 12 17
0.0134029 25.2118 50688 15264 32103 3321 0.301136 0.3 12 17
0.014716 27.6816 50573 15214 32075 3284 0.300832 0.3 12 17
0.0126072 23.715 50191 15057 32086 3048 0.299994 0.3 12 17
0.0124804 23.4766 50733 15393 32069 3271 0.303412 0.3 12 17
0.0118989 22.3826 50668 15249 32097 3322 0.300959 0.3 12 17
0.0135439 25.4769 50563 15190 32106 3267 0.300417 0.3 12 17
0.0134859 25.3678 50402 15169 32074 3159 0.30096 0.3 12 17
0.013258 24.9392 50609 15391 32083 3135 0.304116 0.3 12 17
0.012101 22.763 49781 14745 32067 2969 0.296197 0.3 12 17
0.0137265 25.8204 50544 15340 32063 3141 0.303498 0.3 12 17
0.0147359 27.7191 50401 15070 32077 3254 0.299002 0.3 12 17
0.012433 23.3874 50768 15471 32117 3180 0.304739 0.3 12 17
0.01332 25.0558 50511 15256 32077 3178 0.302033 0.3 12 17
0.0146952 27.6425 50577 15376 32071 3130 0.304012 0.3 12 17
0.0130793 24.6031 50553 15305 32072 3176 0.302752 0.3 12 17
0.0122159 22.9791 50693 15258 32134 3301 0.300988 0.3 12 17
0.0133674 25.1449 50379 15049 32094 3236 0.298716 0.3 12 17
0.0127488 23.9813 50180 15022 32063 3095 0.299362 0.3 12 17
0.0124182 23.3594 50684 15338 32111 3235 0.30262 0.3 12 17
0.0115493 21.725 50252 14968 32105 3179 0.297859 0.3 12 17
0.011757 22.1157 50701 15332 32070 3299 0.3024 0.3 12 17
0.0129936 24.4418 50543 15128 32081 3334 0.299309 0.3 12 17
0.0134697 25.3375 50817 15334 32113 3370 0.301749 0.3 12 17
0.0122842 23.1072 50453 15004 32118 3331 0.297386 0.3 12 17
0.0126468 23.7894 50221 15046 32078 3097 0.299596 0.3 12 17
0.0139569 26.2539 50476 15159 32097 3220 0.300321 0.3 12 17
0.0118115 22.2183 50177 14973 32098 3106 0.298404 0.3 12 17
0.0142564 26.8172 49770 14672 32126 2972 0.294796 0.3 12 17
0.0118594 22.3084 50155 15004 32086 3065 0.299153 0.3 12 17
0.012181 22.9134 50758 15345 32116 3297 0.302317 0.3 12 17
0.0132609 24.9448 50146 14960 32100 3086 0.298329 0.3 12 17
0.0125241 23.5588 50111 15058 32073 2980 0.300493 0.3 12 17
0.015786 29.6944 59792 23955 32099 3738 0.400639 0.4 12 17
0.0157668 29.6583 59904 24198 32081 3625 0.403946 0.4 12 17
0.0160475 30.1862 59447 23652 32110 3685 0.397867 0.4 12 17
0.0141756 26.6651 59423 23575 32095 3753 0.396732 0.4 12 17
0.0141176 26.5562 59352 23739 32082 3531 0.39997 0.4 12 17
0.0138626 26.0765 59371 23729 32065 3577 0.399673 0.4 12 17
0.0159291 29.9636 60156 24151 32136 3869 0.401473 0.4 12 17
0.014293 26.8861 59536 23869 32099 3568 0.400917 0.4 12 17
0.0138891 26.1262 59188 23461 32125 3602 0.396381 0.4 12 17
0.0138951 26.1375 59817 24038 32109 3670 0.401859 0.4 12 17
0.0155896 29.3249 59859 24098 32113 3648 0.402579 0.4 12 17
0.0143706 27.0318 59491 23778 32082 3631 0.399691 0.4 12 17
0.0146394 27.5376 59060 23532 32071 3457 0.398442 0.4 12 17
0.0145558 27.3803 59488 23708 32108 3672 0.398534 0.4 12 17
0.0131336 24.7052 59884 23909 32105 3870 0.399255 0.4 12 17
0.0153417 28.8585 59509 23792 32107 3610 0.399805 0.4 12 17
0.0132144 24.857 59803 24021 32070 3712 0.401669 0.4 12 17
0.0160911 30.2683 59027 23370 32071 3586 0.395921 0.4 12 17
0.0143439 26.9817 59571 23835 32105 3631 0.400111 0.4 12 17
0.0159106 29.9285 59622 23888 32086 3648 0.400657 0.4 12 17
0.016294 30.6498 59886 24077 32089 3720 0.402047 0.4 12 17
0.0149705 28.1604 60032 24301 32084 3647 0.404801 0.4 12 17
0.0141031 26.5288 59828 24039 32078 3711 0.401802 0.4 12 17
0.0151321 28.4644 59723 23914 32102 3707 0.400415 0.4 12 17
0.0159324 29.9697 59610 23845 32087 3678 0.400017 0.4 12 17
0.013337 25.0878 59318 23654 32083 3581 0.398766 0.4 12 17
0.0148835 27.9967 60172 24201 32126 3845 0.402197 0.4 12 17
0.0150532 28.3159 59529 23769 32084 3676 0.399284 0.4 12 17
0.0137445 25.8544 59987 24133 32116 3738 0.402304 0.4 12 17
0.0175737 33.057 59507 23744 32092 3671 0.399012 0.4 12 17
0.016319 30.6968 60017 24146 32089 3782 0.402319 0.4 12 17
0.0147408 27.7283 59541 23760 32120 3661 0.399053 0.4 12 17
0.0148077 27.854 59594 23886 32083 3625 0.400812 0.4 12 17
0.0141337 26.5864 59855 23954 32100 3801 0.4002 0.4 12 17
0.0138769 26.1034 59578 23887 32073 3618 0.400937 0.4 12 17
0.0132872 24.9941 59862 23933 32116 3813 0.399803 0.4 12 17
0.0134837 25.3638 59631 23850 32088 3693 0.39996 0.4 12 17
0.0162704 30.6053 59507 23774 32098 3635 0.399516 0.4 12 17
0.0157878 29.6975 59775 23829 32127 3819 0.398645 0.4 12 17
0.0149138 28.0536 60223 24369 32103 3751 0.404646 0.4 12 17
0.0153731 28.9176 59560 23900 32081 3579 0.401276 0.4 12 17
0.0150667 28.3413 59862 23978 32084 3800 0.400555 0.4 12 17
0.0169295 31.8454 59297 23518 32097 3682 0.396614 0.4 12 17
0.0173952 32.7212 59891 24004 32085 3802 0.400795 0.4 12 17
0.0155974 29.3396 59437 23754 32085 3598 0.39965 0.4 12 17
0.0144509 27.1831 59620 23887 32097 3636 0.400654 0.4 12 17
0.012969 24.3954 59405 23673 32086 3646 0.398502 0.4 12 17
0.0159619 30.0252 60115 24134 32117 3864 0.401464 0.4 12 17
0.0136874 25.7469 60106 24077 32115 3914 0.400576 0.4 12 17
0.013051 24.5498 59734 24083 32094 3557 0.403171 0.4 12 17
0.0140403 26.4105 59392 23576 32115 3701 0.396956 0.4 12 17
0.0143279 26.9516 59942 24122 32097 3723 0.402422 0.4 12 17
0.0145481 27.366 59800 23980 32091 3729 0.401003 0.4 12 17
0.0144498 27.1809 59525 23854 32093 3578 0.400739 0.4 12 17
0.013465 25.3286 59914 24117 32119 3678 0.402527 0.4 12 17
0.0174055 32.7405 59936 24069 32110 3757 0.401578 0.4 12 17
0.0143754 27.0411 59214 23511 32091 3612 0.397051 0.4 12 17
0.0138429 26.0393 59559 23782 32096 3681 0.399302 0.4 12 17
0.0144065 27.0995 59756 23920 32087 3749 0.400295 0.4 12 17
0.015065 28.3381 59329 23606 32100 3623 0.397883 0.4 12 17
0.0180253 33.9064 59107 23554 32073 3480 0.398498 0.4 12 17
0.0160582 30.2062 59915 23965 32122 3828 0.399983 0.4 12 17
0.0155133 29.1813 59513 23826 32063 3624 0.40035 0.4 12 17
0.0169727 31.9266 59392 23770 32089 3533 0.400222 0.4 12 17
0.0148022 27.8438 59391 23568 32096 3727 0.396828 0.4 12 17
0.0172563 32.46 59614 23687 32089 3838 0.39734 0.4 12 17
0.014264 26.8314 59655 23905 32103 3647 0.400721 0.4 12 17
0.0141721 26.6585 59477 23598 32096 3783 0.396758 0.4 12 17
0.01432 26.9368 59719 24017 32074 3628 0.402167 0.4 12 17
0.0130978 24.6379 59768 23919 32112 3737 0.400197 0.4 12 17
0.0140142 26.3616 59636 23941 32103 3592 0.401452 0.4 12 17
0.0144866 27.2502 59206 23504 32085 3617 0.396987 0.4 12 17
0.0152267 28.6422 59934 24034 32128 3772 0.401008 0.4 12 17
0.0145635 27.3948 59840 24075 32056 3709 0.402323 0.4 12 17
0.015308 28.7952 59472 23853 32091 3528 0.401079 0.4 12 17
0.0138069 25.9717 59567 23932 32057 3578 0.401766 0.4 12 17
0.0175601 33.0314 59768 23972 32099 3697 0.401084 0.4 12 17
0.0153279 28.8327 59315 23613 32092 3610 0.398095 0.4 12 17
0.0144122 27.1103 59675 23820 32100 3755 0.399162 0.4 12 17
0.0138836 26.116 59597 23812 32087 3698 0.39955 0.4 12 17
0.0142175 26.7439 59495 23753 32112 3630 0.399244 0.4 12 17
0.012983 24.4217 59490 23694 32102 3694 0.398285 0.4 12 17
0.0155003 29.1569 59556 23897 32067 3592 0.401253 0.4 12 17
0.0173962 32.7231 60035 24106 32102 3827 0.401532 0.4 12 17
0.0173149 32.5702 59856 24124 32085 3647 0.403034 0.4 12 17
0.0167648 31.5354 59491 23686 32093 3712 0.398144 0.4 12 17
0.0154842 29.1266 59146 23404 32099 3643 0.395699 0.4 12 17
0.014028 26.3874 59426 23796 32092 3538 0.400431 0.4 12 17
0.0133312 25.0769 60074 24221 32091 3762 0.403186 0.4 12 17
0.0182646 34.3565 59704 23856 32128 3720 0.399571 0.4 12 17
0.0164231 30.8927 60252 24285 32118 3849 0.403057 0.4 12 17
0.0147525 27.7504 59689 23882 32128 3679 0.400107 0.4 12 17
0.0169804 31.9411 59874 24064 32086 3724 0.401911 0.4 12 17
0.0136157 25.612 59367 23619 32126 3622 0.397847 0.4 12 17
0.0157634 29.6518 60258 24292 32117 3849 0.403133 0.4 12 17
0.0185115 34.821 59815 24104 32047 3664 0.402976 0.4 12 17
0.0150396 28.2903 59595 23951 32071 3573 0.401896 0.4 12 17
0.0141174 26.5555 59929 24058 32110 3761 0.401442 0.4 12 17
0.0154624 29.0856 59401 23755 32083 3563 0.399909 0.4 12 17
0.0150661 28.3402 59393 23798 32104 3491 0.400687 0.4 12 17
0.0148221 27.8811 73220 36616 32105 4499 0.500082 0.5 12 17
0.0173119 32.5645 73466 36840 32081 4545 0.501456 0.5 12 17
0.0186614 35.1029 73705 36977 32091 4637 0.501689 0.5 12 17
0.0155713 29.2905 73772 37060 32103 4609 0.502359 0.5 12 17
0.0167331 31.4757 72984 36459 32089 4436 0.499548 0.5 12 17
0.0171878 32.3312 73720 36921 32113 4686 0.500827 0.5 12 17
0.0236109 44.4131 73013 36373 32093 4547 0.498172 0.5 12 17
0.0193358 36.3715 73660 36825 32139 4696 0.499932 0.5 12 17
0.0169683 31.9182 73257 36624 32088 4545 0.499939 0.5 12 17
0.0153222 28.8218 73467 36865 32082 4520 0.50179 0.5 12 17
0.0181769 34.1915 73453 36713 32087 4653 0.499816 0.5 12 17
0.0165719 31.1725 73491 36955 32057 4479 0.502851 0.5 12 17
0.0143842 27.0575 73177 36695 32046 4436 0.501455 0.5 12 17
0.0158057 29.7313 73797 37169 32097 4531 0.503665 0.5 12 17
0.0161219 30.3261 73037 36480 32086 4471 0.499473 0.5 12 17
0.0155859 29.318 73208 36598 32069 4541 0.499918 0.5 12 17
0.017573 33.0555 73519 36773 32122 4624 0.500184 0.5 12 17
0.0181231 34.0905 73143 36635 32087 4421 0.500868 0.5 12 17
0.0213296 40.1218 72879 36357 32085 4437 0.498868 0.5 12 17
0.0181728 34.184 73036 36490 32089 4457 0.499617 0.5 12 17
0.0184338 34.6749 73147 36499 32083 4565 0.498982 0.5 12 17
0.0197674 37.1833 73436 36589 32114 4733 0.498243 0.5 12 17
0.0184351 34.6774 73072 36590 32060 4422 0.500739 0.5 12 17
0.0153034 28.7865 73443 36874 32072 4497 0.502076 0.5 12 17
0.0175048 32.9274 73261 36680 32073 4508 0.500676 0.5 12 17
0.0171511 32.2622 73475 36636 32094 4745 0.498619 0.5 12 17
0.0203729 38.3223 73549 37031 32067 4451 0.503487 0.5 12 17
0.0175725 33.0546 73599 36580 32113 4906 0.497018 0.5 12 17
0.0160066 30.1092 73725 36814 32119 4792 0.499342 0.5 12 17
0.0160007 30.0981 73574 36887 32115 4572 0.501359 0.5 12 17
0.0147901 27.821 73261 36498 32102 4661 0.498191 0.5 12 17
0.0155432 29.2376 73212 36561 32076 4575 0.499385 0.5 12 17
0.0218008 41.008 73792 36931 32112 4749 0.500474 0.5 12 17
0.0168795 31.7511 73639 36766 32102 4771 0.499273 0.5 12 17
0.0175098 32.9368 73755 36870 32107 4778 0.499898 0.5 12 17
0.0191358 35.9953 73478 36935 32050 4493 0.502667 0.5 12 17
0.0172374 32.4244 73698 36867 32116 4715 0.500244 0.5 12 17
0.0174455 32.8159 73198 36698 32085 4415 0.501352 0.5 12 17
0.0163822 30.8157 72262 35973 32056 4233 0.497814 0.5 12 17
0.0159267 29.9589 73710 37080 32070 4560 0.503053 0.5 12 17
0.0155477 29.246 72799 36373 32065 4361 0.499636 0.5 12 17
0.0156885 29.5109 73330 36631 32108 4591 0.499536 0.5 12 17
0.016537 31.107 73719 36845 32118 4756 0.499803 0.5 12 17
0.0159985 30.0938 72789 36308 32049 4432 0.498812 0.5 12 17
0.0150503 28.3105 73487 36835 32078 4574 0.501245 0.5 12 17
0.0172345 32.419 74101 37248 32114 4739 0.502665 0.5 12 17
0.018359 34.5341 73661 36997 32069 4595 0.50226 0.5 12 17
0.0166753 31.367 72595 36065 32065 4465 0.496797 0.5 12 17
0.016007 30.1099 73209 36506 32113 4590 0.498655 0.5 12 17
0.0137219 25.8118 73383 36901 32082 4400 0.502855 0.5 12 17
0.0249389 46.911 73713 36975 32119 4619 0.501608 0.5 12 17
0.0154505 29.0632 73693 36821 32126 4746 0.499654 0.5 12 17
0.0155922 29.3297 73234 36632 32099 4503 0.500205 0.5 12 17
0.0195335 36.7434 73389 36584 32110 4695 0.498494 0.5 12 17
0.017284 32.5122 73482 36750 32095 4637 0.500122 0.5 12 17
0.016935 31.8555 73290 36711 32090 4489 0.500901 0.5 12 17
0.0142867 26.8741 73348 36629 32099 4620 0.499386 0.5 12 17
0.0162796 30.6226 72972 36332 32084 4556 0.49789 0.5 12 17
0.0191402 36.0034 73360 36475 32087 4798 0.497206 0.5 12 17
0.016998 31.974 72884 36262 32100 4522 0.49753 0.5 12 17
0.0181747 34.1874 73303 36695 32073 4535 0.500593 0.5 12 17
0.0191869 36.0913 73262 36599 32096 4567 0.499563 0.5 12 17
0.0167024 31.418 73504 36855 32113 4536 0.501401 0.5 12 17
0.0165578 31.1461 73116 36332 32098 4686 0.496909 0.5 12 17
0.0268275 50.4634 73044 36503 32085 4456 0.49974 0.5 12 17
0.0168561 31.7071 73463 36737 32082 4644 0.500075 0.5 12 17
0.0184261 34.6603 73516 36741 32113 4662 0.499769 0.5 12 17
0.015451 29.0642 73084 36400 32088 4596 0.498057 0.5 12 17
0.0168925 31.7756 73153 36407 32110 4636 0.497683 0.5 12 17
0.0151485 28.4952 73455 36788 32099 4568 0.500824 0.5 12 17
0.0203425 38.265 73494 36732 32103 4659 0.499796 0.5 12 17
0.0174523 32.8286 73455 36831 32086 4538 0.501409 0.5 12 17
0.0172717 32.4888 72799 36243 32099 4457 0.49785 0.5 12 17
0.0190873 35.9041 73270 36598 32116 4556 0.499495 0.5 12 17
0.0162277 30.5251 73267 36725 32078 4464 0.501249 0.5 12 17
0.0251636 47.3335 74153 37197 32117 4839 0.501625 0.5 12 17
0.0187902 35.3452 74155 37455 32070 4630 0.505091 0.5 12 17
0.019021 35.7794 73128 36505 32080 4543 0.499193 0.5 12 17
0.01735 32.6362 73429 36903 32078 4448 0.502567 0.5 12 17
0.0204402 38.4487 73154 36535 32103 4516 0.499426 0.5 12 17
0.019481 36.6444 73499 36754 32097 4648 0.500061 0.5 12 17
0.0160231 30.1404 73351 36660 32084 4607 0.499789 0.5 12 17
0.0208094 39.1432 73805 37020 32103 4682 0.501592 0.5 12 17
0.0193395 36.3785 73458 36604 32109 4745 0.498298 0.5 12 17
0.0165985 31.2226 72867 36069 32097 4701 0.494998 0.5 12 17
0.0168538 31.7029 72691 36010 32103 4578 0.495385 0.5 12 17
0.0147974 27.8348 73429 36743 32086 4600 0.500388 0.5 12 17
0.0189165 35.5828 73356 36558 32128 4670 0.498364 0.5 12 17
0.0169704 31.9223 73558 36716 32097 4745 0.499144 0.5 12 17
0.0249163 46.8684 73966 37068 32122 4776 0.501149 0.5 12 17
0.0152813 28.7453 73363 36756 32104 4503 0.501015 0.5 12 17
0.0173619 32.6586 73132 36337 32107 4688 0.496869 0.5 12 17
0.0164011 30.8512 73058 36273 32107 4678 0.496496 0.5 12 17
0.0172866 32.5168 73790 37086 32086 4618 0.502588 0.5 12 17
0.0162944 30.6507 74060 37301 32113 4646 0.503659 0.5 12 17
0.0181323 34.1077 73390 36827 32102 4461 0.501799 0.5 12 17
0.0177151 33.323 72746 36067 32093 4586 0.495794 0.5 12 17
0.0171638 32.2859 73016 36470 32081 4465 0.49948 0.5 12 17
0.0225556 42.428 73285 36555 32083 4647 0.498806 0.5 12 17
0.0167959 31.5938 73597 37004 32075 4518 0.502792 0.5 12 17
0.0224035 42.1418 93932 56579 32097 5256 0.60234 0.6 12 17
0.0232699 43.7715 94229 56739 32102 5388 0.602139 0.6 12 17
0.0206968 38.9315 93750 56329 32093 5328 0.600843 0.6 12 17
0.0231468 43.54 93884 56412 32117 5355 0.600869 0.6 12 17
0.0197405 37.1328 93898 56355 32089 5454 0.600173 0.6 12 17
0.0207387 39.0102 93605 56124 32111 5370 0.599583 0.6 12 17
0.0197396 37.1311 94015 56566 32069 5380 0.60167 0.6 12 17
0.021274 40.0172 93210 55888 32088 5234 0.599592 0.6 12 17
0.0231111 43.4728 93953 56734 32080 5139 0.603855 0.6 12 17
0.0194592 36.6035 93863 56428 32093 5342 0.601174 0.6 12 17
0.021871 41.1401 93996 56541 32102 5353 0.601526 0.6 12 17
0.0191021 35.9319 92769 55383 32080 5306 0.596999 0.6 12 17
0.01783 33.5391 93322 55978 32103 5241 0.599837 0.6 12 17
0.0231965 43.6334 93299 55871 32114 5314 0.598838 0.6 12 17
0.0190392 35.8136 93676 56374 32096 5206 0.601798 0.6 12 17
0.0209788 39.4619 93287 56100 32094 5093 0.60137 0.6 12 17
0.0203632 38.3041 93427 56132 32091 5204 0.600811 0.6 12 17
0.0251336 47.2771 93622 56343 32061 5218 0.601814 0.6 12 17
0.0188026 35.3684 93459 56098 32104 5257 0.600242 0.6 12 17
0.0220858 41.5444 92355 55164 32068 5123 0.597304 0.6 12 17
0.0205039 38.5687 93161 55826 32087 5248 0.599242 0.6 12 17
0.0240506 45.2401 93338 56103 32067 5168 0.601074 0.6 12 17
0.01591 29.9276 93532 56172 32117 5243 0.600565 0.6 12 17
0.0179465 33.7582 93065 55721 32115 5229 0.598732 0.6 12 17
0.0200197 37.6578 94001 56394 32150 5457 0.59993 0.6 12 17
0.0180664 33.9838 93461 56082 32111 5268 0.600058 0.6 12 17
0.0230412 43.3414 93681 56310 32088 5283 0.601082 0.6 12 17
0.021626 40.6792 94074 56501 32103 5470 0.600602 0.6 12 17
0.0180071 33.8723 93262 55905 32074 5283 0.59944 0.6 12 17
0.0218435 41.0884 93713 56283 32080 5350 0.600589 0.6 12 17
0.0241576 45.4413 93169 55833 32083 5253 0.599266 0.6 12 17
0.0245985 46.2705 93508 56174 32083 5251 0.60074 0.6 12 17
0.02191 41.2135 94193 56586 32092 5515 0.600745 0.6 12 17
0.0204264 38.4229 93807 56393 32103 5311 0.60116 0.6 12 17
0.0222351 41.825 92758 55408 32098 5252 0.597339 0.6 12 17
0.019457 36.5994 92084 54985 32074 5025 0.597118 0.6 12 17
0.0214834 40.4111 92403 55411 32044 4948 0.599667 0.6 12 17
0.021725 40.8655 92712 55370 32085 5257 0.597226 0.6 12 17
0.019631 36.9268 93131 55940 32075 5116 0.600659 0.6 12 17
0.017888 33.6482 92752 55447 32082 5223 0.597798 0.6 12 17
0.0244538 45.9984 93017 55877 32093 5047 0.600718 0.6 12 17
0.0201836 37.9663 94154 56739 32089 5326 0.602619 0.6 12 17
0.0235552 44.308 93518 56032 32097 5389 0.599157 0.6 12 17
0.0289049 54.3708 93528 56219 32080 5229 0.601093 0.6 12 17
0.0213621 40.183 93752 56372 32097 5283 0.601289 0.6 12 17
0.0236639 44.5127 93470 55978 32086 5406 0.598887 0.6 12 17
0.0192287 36.1701 93087 55867 32083 5137 0.600159 0.6 12 17
0.0188574 35.4716 93668 55940 32103 5625 0.597216 0.6 12 17
0.0213098 40.0846 94114 56572 32121 5421 0.601101 0.6 12 17
0.0207729 39.0746 92963 55719 32088 5156 0.599367 0.6 12 17
0.0236661 44.5169 93558 56191 32090 5277 0.600601 0.6 12 17
0.0198674 37.3714 93811 56400 32102 5309 0.601209 0.6 12 17
0.0191288 35.982 93223 55724 32092 5407 0.597749 0.6 12 17
0.0214061 40.2657 93701 56388 32104 5209 0.601787 0.6 12 17
0.0211574 39.798 94018 56654 32084 5280 0.602587 0.6 12 17
0.019515 36.7086 92374 55117 32059 5198 0.596672 0.6 12 17
0.0192273 36.1673 93463 56104 32107 5252 0.60028 0.6 12 17
0.019568 36.8081 92948 55696 32092 5160 0.599217 0.6 12 17
0.020198 37.9933 92543 55332 32077 5134 0.597906 0.6 12 17
0.0211601 39.803 93184 55769 32127 5288 0.598483 0.6 12 17
0.0204903 38.5431 93003 55549 32124 5330 0.597282 0.6 12 17
0.0231413 43.5297 92791 55446 32085 5260 0.597536 0.6 12 17
0.0216636 40.7501 93299 55958 32093 5248 0.599771 0.6 12 17
0.0218614 41.122 92280 55220 32074 4986 0.598396 0.6 12 17
0.0220516 41.48 92915 55460 32114 5341 0.59689 0.6 12 17
0.0205368 38.6307 92926 55698 32088 5140 0.59938 0.6 12 17
0.0230264 43.3134 93653 56216 32084 5353 0.600258 0.6 12 17
0.0259175 48.7517 93528 56195 32088 5245 0.600836 0.6 12 17
0.0195655 36.8037 94033 56584 32093 5356 0.601746 0.6 12 17
0.0219962 41.3757 92860 55586 32081 5193 0.5986 0.6 12 17
0.0222093 41.7765 93082 55862 32083 5137 0.600138 0.6 12 17
0.018877 35.5084 92715 55210 32123 5382 0.595481 0.6 12 17
0.0209705 39.4464 93208 55903 32065 5240 0.599766 0.6 12 17
0.0201448 37.8931 92864 55697 32083 5084 0.59977 0.6 12 17
0.0209911 39.4851 93715 56217 32097 5401 0.599872 0.6 12 17
0.0211543 39.7922 94129 56647 32103 5379 0.601802 0.6 12 17
0.0241806 45.4845 93990 56531 32089 5370 0.601458 0.6 12 17
0.0246572 46.381 92686 55485 32079 5122 0.598634 0.6 12 17
0.0193675 36.431 93619 56037 32120 5462 0.598564 0.6 12 17
0.0207668 39.0631 93913 56399 32091 5423 0.600545 0.6 12 17
0.0214208 40.2933 94116 56728 32107 5281 0.602746 0.6 12 17
0.0271614 51.0915 93412 55891 32111 5410 0.598328 0.6 12 17
0.0223632 42.066 93717 56212 32099 5406 0.599806 0.6 12 17
0.0174373 32.8004 93225 55983 32075 5167 0.600515 0.6 12 17
0.020006 37.6319 93590 56145 32101 5344 0.599904 0.6 12 17
0.0183063 34.4349 93443 56066 32098 5279 0.600002 0.6 12 17
0.0172789 32.5024 93300 55831 32110 5359 0.598403 0.6 12 17
0.0221563 41.6768 93468 56070 32094 5304 0.599884 0.6 12 17
0.0170904 32.1478 93214 55796 32091 5327 0.59858 0.6 12 17
0.0178996 33.6698 92916 55574 32104 5238 0.59811 0.6 12 17
0.0186391 35.0608 93386 55978 32102 5306 0.599426 0.6 12 17
0.0217268 40.869 94087 56721 32081 5285 0.602857 0.6 12 17
0.0252705 47.5346 94080 56542 32116 5422 0.600999 0.6 12 17
0.0195434 36.762 92508 55320 32097 5091 0.598002 0.6 12 17
0.0207161 38.9678 93091 55731 32106 5254 0.598672 0.6 12 17
0.0211211 39.7296 93586 56140 32116 5330 0.599876 0.6 12 17
0.0197157 37.0861 93242 55811 32117 5314 0.598561 0.6 12 17
0.0223387 42.0199 93071 55651 32085 5335 0.597941 0.6 12 17
0.0216347 40.6959 92881 55758 32079 5044 0.600317 0.6 12 17
0.0189673 35.6784 93651 56197 32130 5324 0.600068 0.6 12 17
0.0315047 59.2611 129550 90756 32088 6706 0.700548 0.7 12 17
0.0265406 49.9238 127667 89257 32077 6333 0.699139 0.7 12 17
0.0219725 41.3311 128115 89655 32092 6368 0.699801 0.7 12 17
0.0247104 46.4809 128126 89762 32097 6267 0.700576 0.7 12 17
0.0256731 48.2919 128733 90094 32117 6522 0.699852 0.7 12 17
0.0258827 48.6861 127850 89528 32073 6249 0.700258 0.7 12 17
0.0283468 53.321 127527 89145 32066 6316 0.699028 0.7 12 17
0.0260092 48.9241 129565 91014 32086 6465 0.702458 0.7 12 17
0.0303219 57.0362 127609 88968 32105 6536 0.697192 0.7 12 17
0.0322486 60.6604 127709 89268 32087 6354 0.698995 0.7 12 17
0.0231904 43.6218 127824 89503 32101 6220 0.700205 0.7 12 17
0.0338167 63.6101 127741 89564 32068 6109 0.701137 0.7 12 17
0.025285 47.5618 128919 90447 32097 6375 0.70158 0.7 12 17
0.0321921 60.5542 129167 90408 32119 6640 0.699931 0.7 12 17
0.0267809 50.3755 129092 90559 32108 6425 0.701507 0.7 12 17
0.026467 49.7852 128366 89952 32089 6325 0.700746 0.7 12 17
0.0266105 50.0552 127456 89270 32052 6134 0.700399 0.7 12 17
0.0245467 46.1731 128440 89799 32089 6552 0.699151 0.7 12 17
0.0315853 59.4129 127664 89301 32084 6279 0.6995 0.7 12 17
0.0278602 52.4057 130062 91080 32128 6854 0.700281 0.7 12 17
0.0313064 58.8881 127591 89350 32077 6164 0.700285 0.7 12 17
0.0290439 54.6324 129345 90843 32092 6410 0.702331 0.7 12 17
0.0255129 47.9906 128315 89823 32101 6391 0.700019 0.7 12 17
0.0251247 47.2603 127703 89285 32108 6310 0.699161 0.7 12 17
0.0261535 49.1955 129912 90925 32115 6872 0.699897 0.7 12 17
0.0242157 45.5506 129576 91040 32082 6454 0.702599 0.7 12 17
0.0252171 47.434 128873 90487 32068 6318 0.702141 0.7 12 17
0.0307393 57.8214 128903 90330 32099 6474 0.700759 0.7 12 17
0.0337912 63.5619 129672 90945 32101 6626 0.701346 0.7 12 17
0.0295139 55.5163 129189 90653 32090 6446 0.701708 0.7 12 17
0.0270607 50.9018 126376 88231 32076 6069 0.698163 0.7 12 17
0.0328913 61.8693 129142 90515 32096 6531 0.700895 0.7 12 17
0.0246135 46.2987 129008 90285 32099 6624 0.69984 0.7 12 17
0.0232525 43.7387 127658 89276 32089 6293 0.699337 0.7 12 17
0.0265733 49.9851 126991 88666 32100 6225 0.698207 0.7 12 17
0.0298478 56.1444 128470 89953 32082 6435 0.700187 0.7 12 17
0.0338389 63.6517 128727 90339 32081 6307 0.701788 0.7 12 17
0.0287542 54.0874 128797 90049 32095 6653 0.699154 0.7 12 17
0.026149 49.187 128533 89893 32092 6548 0.699377 0.7 12 17
0.0241751 45.4741 129043 90372 32074 6597 0.700325 0.7 12 17
0.0333461 62.7249 128576 89837 32104 6635 0.698707 0.7 12 17
0.0319009 60.0064 128491 89994 32096 6401 0.700391 0.7 12 17
0.0252224 47.4441 128106 89630 32105 6371 0.699655 0.7 12 17
0.0313069 58.8891 127866 89590 32076 6200 0.700655 0.7 12 17
0.0270802 50.9387 129856 91149 32094 6613 0.701924 0.7 12 17
0.0340955 64.1343 128806 90057 32112 6637 0.699168 0.7 12 17
0.0232136 43.6655 127598 89286 32085 6227 0.699745 0.7 12 17
0.0281563 52.9627 128222 89894 32096 6232 0.701081 0.7 12 17
0.0269526 50.6986 127508 89188 32069 6251 0.69947 0.7 12 17
0.0239896 45.1252 126975 88565 32089 6321 0.6975 0.7 12 17
0.0228053 42.8975 129069 90425 32087 6557 0.700594 0.7 12 17
0.0246312 46.332 129249 90467 32097 6685 0.699944 0.7 12 17
0.022059 41.4938 128004 89553 32091 6360 0.699611 0.7 12 17
0.0320735 60.3311 128439 89864 32082 6493 0.699663 0.7 12 17
0.0290235 54.594 128896 90266 32091 6539 0.700301 0.7 12 17
0.0382845 72.0139 127085 88805 32097 6183 0.698784 0.7 12 17
0.0274984 51.7253 127648 89464 32089 6095 0.700865 0.7 12 17
0.0281662 52.9814 128962 90375 32099 6488 0.700788 0.7 12 17
0.0257905 48.5126 128182 89677 32092 6413 0.699607 0.7 12 17
0.0304321 57.2436 128302 89703 32105 6494 0.699155 0.7 12 17
0.0300473 56.5196 128466 90046 32072 6348 0.700933 0.7 12 17
0.0244804 46.0485 129086 90286 32102 6698 0.699425 0.7 12 17
0.0279641 52.6012 130514 91752 32091 6671 0.703005 0.7 12 17
0.0281235 52.9012 128321 89981 32083 6257 0.701218 0.7 12 17
0.0295184 55.5249 129218 90808 32082 6328 0.70275 0.7 12 17
0.0285416 53.6875 128008 89566 32084 6358 0.699691 0.7 12 17
0.0354569 66.6952 127000 88904 32081 6015 0.700031 0.7 12 17
0.0322225 60.6112 128029 89508 32091 6430 0.699123 0.7 12 17
0.0272791 51.3127 128142 89746 32105 6291 0.700364 0.7 12 17
0.0331185 62.2966 127566 89372 32067 6127 0.700594 0.7 12 17
0.0256147 48.1821 127529 88990 32087 6452 0.697802 0.7 12 17
0.0283997 53.4207 128881 90431 32120 6330 0.701663 0.7 12 17
0.0263979 49.6553 128135 89666 32089 6380 0.699778 0.7 12 17
0.0249412 46.9151 127997 89572 32070 6355 0.699798 0.7 12 17
0.0311036 58.5067 128126 89814 32094 6218 0.700982 0.7 12 17
0.0266115 50.0571 127425 89146 32054 6225 0.699596 0.7 12 17
0.0250847 47.1852 127025 88753 32091 6181 0.698705 0.7 12 17
0.0334681 62.9543 129876 91324 32091 6461 0.703163 0.7 12 17
0.0249018 46.8411 127406 89106 32077 6223 0.699386 0.7 12 17
0.0239893 45.1248 127873 89506 32095 6272 0.69996 0.7 12 17
0.0417752 78.5798 129918 90853 32134 6931 0.69931 0.7 12 17
0.0340543 64.0569 126877 88509 32091 6277 0.697597 0.7 12 17
0.0254573 47.886 126981 88835 32057 6089 0.699593 0.7 12 17
0.0334586 62.9365 127785 89417 32070 6298 0.699746 0.7 12 17
0.0248986 46.835 128632 89897 32112 6623 0.69887 0.7 12 17
0.0276103 51.9359 127854 89574 32078 6202 0.700596 0.7 12 17
0.0224743 42.2749 128464 89938 32100 6426 0.700103 0.7 12 17
0.0294288 55.3565 129605 90697 32109 6799 0.699796 0.7 12 17
0.0228118 42.9098 129410 90870 32112 6428 0.702187 0.7 12 17
0.023643 44.4732 128049 89365 32113 6571 0.697897 0.7 12 17
0.0208457 39.2115 128652 90019 32098 6535 0.699709 0.7 12 17
0.0259639 48.8388 127521 89233 32084 6204 0.699751 0.7 12 17
0.0286957 53.9773 126882 88539 32065 6278 0.697806 0.7 12 17
0.0217504 40.9133 129120 90333 32119 6668 0.699605 0.7 12 17
0.0276623 52.0336 127485 89220 32075 6190 0.699847 0.7 12 17
0.0252439 47.4846 128488 89864 32099 6525 0.699396 0.7 12 17
0.0282823 53.1999 127408 89277 32068 6063 0.700717 0.7 12 17
0.0219919 41.3675 128401 89926 32093 6382 0.700353 0.7 12 17
0.0313922 59.0495 128966 90509 32096 6361 0.701805 0.7 12 17
0.0263391 49.5446 128615 90155 32064 6396 0.700968 0.7 12 17
0.0364572 68.5768 198128 158561 32071 7496 0.800296 0.8 12 17
0.038744 72.8782 200631 160279 32091 8261 0.798875 0.8 12 17
0.0481992 90.6635 201805 161590 32091 8124 0.800723 0.8 12 17
0.0312616 58.8037 203579 162961 32109 8509 0.80048 0.8 12 17
0.051982 97.7788 203727 162755 32126 8846 0.798888 0.8 12 17
0.0367884 69.1998 198407 158589 32064 7754 0.799312 0.8 12 17
0.0393758 74.0666 201580 161441 32063 8076 0.800878 0.8 12 17
0.0362388 68.166 205347 164453 32096 8798 0.800854 0.8 12 17
0.0405199 76.2187 200713 160843 32055 7815 0.801358 0.8 12 17
0.03432 64.5567 201191 160892 32120 8179 0.799698 0.8 12 17
0.0438689 82.518 204247 163652 32082 8513 0.801246 0.8 12 17
0.0466019 87.6589 203673 162930 32105 8638 0.799959 0.8 12 17
0.0453361 85.2779 204344 163601 32104 8639 0.800616 0.8 12 17
0.0396095 74.506 203132 162587 32089 8456 0.800401 0.8 12 17
0.0386304 72.6644 202304 161853 32089 8362 0.800048 0.8 12 17
0.0395158 74.3298 202525 162298 32097 8130 0.801373 0.8 12 17
0.0314449 59.1485 201974 161235 32132 8607 0.798296 0.8 12 17
0.0504313 94.8621 202072 161460 32087 8525 0.799022 0.8 12 17
0.0472117 88.806 202332 161725 32083 8524 0.799305 0.8 12 17
0.0504621 94.92 201272 161209 32099 7964 0.800951 0.8 12 17
0.070324 132.28 204352 163306 32119 8927 0.799141 0.8 12 17
0.03775 71.0084 197944 158111 32055 7778 0.798766 0.8 12 17
0.037564 70.6586 205529 164697 32104 8728 0.801332 0.8 12 17
0.0521994 98.1878 201535 161066 32100 8369 0.799196 0.8 12 17
0.0432776 81.4059 199836 159440 32094 8302 0.797854 0.8 12 17
0.038213 71.8793 199355 159487 32079 7789 0.800015 0.8 12 17
0.0476617 89.6523 202773 162264 32105 8404 0.800225 0.8 12 17
0.0405124 76.2046 200066 160027 32077 7962 0.799871 0.8 12 17
0.039855 74.968 198734 159199 32055 7480 0.801066 0.8 12 17
0.0417931 78.6135 201903 161426 32099 8378 0.799523 0.8 12 17
0.0466202 87.6934 204966 164433 32094 8439 0.802245 0.8 12 17
0.0367072 69.047 198387 158838 32042 7507 0.800647 0.8 12 17
0.0436844 82.1711 202830 162323 32096 8411 0.800291 0.8 12 17
0.0356036 66.971 202025 161484 32098 8443 0.799327 0.8 12 17
0.0405571 76.2887 202757 162187 32101 8469 0.799908 0.8 12 17
0.051919 97.6603 205246 164497 32090 8659 0.801463 0.8 12 17
0.0442483 83.2318 202880 162276 32102 8502 0.799862 0.8 12 17
0.0410212 77.1616 201915 161656 32090 8169 0.800614 0.8 12 17
0.0350626 65.9535 199335 159333 32098 7904 0.799323 0.8 12 17
0.0352617 66.328 206476 165303 32132 9041 0.800592 0.8 12 17
0.0413728 77.823 201698 161475 32096 8127 0.800578 0.8 12 17
0.0441356 83.0199 207141 165615 32126 9400 0.799528 0.8 12 17
0.0369154 69.4386 199242 159724 32067 7451 0.801658 0.8 12 17
0.0472899 88.9531 204484 163222 32129 9133 0.798214 0.8 12 17
0.0431842 81.2302 204571 164045 32093 8433 0.801898 0.8 12 17
0.0340195 63.9915 198520 158235 32085 8200 0.797073 0.8 12 17
0.0535095 100.652 204979 164315 32115 8549 0.801619 0.8 12 17
0.0417611 78.5532 200703 160623 32090 7990 0.800302 0.8 12 17
0.0392995 73.923 202708 162173 32086 8449 0.800033 0.8 12 17
0.0417689 78.5681 200378 160287 32089 8002 0.799923 0.8 12 17
0.0434619 81.7526 205719 164904 32106 8709 0.801598 0.8 12 17
0.0397924 74.8502 201596 161083 32085 8428 0.799039 0.8 12 17
0.0399542 75.1546 200119 159948 32082 8089 0.799264 0.8 12 17
0.037645 70.8109 203396 162447 32126 8823 0.798674 0.8 12 17
0.0413004 77.6869 203318 162629 32102 8587 0.799875 0.8 12 17
0.0383 72.0431 203566 162774 32100 8692 0.799613 0.8 12 17
0.0432037 81.2669 202482 162229 32076 8177 0.801202 0.8 12 17
0.0484317 91.1007 202303 162224 32084 7995 0.801886 0.8 12 17
0.0422157 79.4085 204906 163948 32106 8852 0.800113 0.8 12 17
0.047309 88.9888 202086 161455 32091 8540 0.798942 0.8 12 17
0.0434359 81.7035 203791 162937 32117 8737 0.79953 0.8 12 17
0.048402 91.045 203561 163131 32087 8343 0.801386 0.8 12 17
0.0336797 63.3523 201472 161096 32087 8289 0.799595 0.8 12 17
0.0455283 85.6394 205856 164932 32112 8812 0.801201 0.8 12 17
0.0401578 75.5374 204849 163865 32104 8880 0.799931 0.8 12 17
0.0418296 78.6821 203526 162487 32120 8919 0.79836 0.8 12 17
0.0407689 76.687 202918 162224 32108 8586 0.799456 0.8 12 17
0.0584807 110.003 200089 160223 32061 7805 0.800759 0.8 12 17
0.0526061 98.9527 200548 160343 32104 8101 0.799524 0.8 12 17
0.0393846 74.083 203504 163090 32078 8336 0.801409 0.8 12 17
0.0392449 73.8203 206165 165278 32089 8798 0.801678 0.8 12 17
0.0436431 82.0934 204510 163468 32123 8919 0.799315 0.8 12 17
0.0503689 94.7446 206140 165183 32126 8831 0.801315 0.8 12 17
0.0394754 74.2539 200357 160201 32073 8083 0.799578 0.8 12 17
0.0330091 62.0908 202832 162194 32120 8518 0.799647 0.8 12 17
0.106462 200.257 207028 165819 32128 9081 0.80095 0.8 12 17
0.0569005 107.031 200921 160718 32089 8114 0.799906 0.8 12 17
0.0444575 83.6254 205388 164564 32133 8691 0.801235 0.8 12 17
0.0388825 73.1386 207451 166312 32119 9020 0.801693 0.8 12 17
0.0524077 98.5797 198976 159217 32068 7691 0.800182 0.8 12 17
0.0359075 67.5428 202484 161916 32107 8461 0.799648 0.8 12 17
0.0381395 71.741 204152 163247 32112 8793 0.799635 0.8 12 17
0.0941385 177.075 204002 163298 32089 8615 0.800473 0.8 12 17
0.0337062 63.4021 205937 164757 32117 9063 0.800036 0.8 12 17
0.0376885 70.8928 197898 158301 32065 7532 0.799912 0.8 12 17
0.0394907 74.2828 203545 162899 32108 8538 0.80031 0.8 12 17
0.0397795 74.8258 202886 162209 32116 8561 0.799508 0.8 12 17
0.041287 77.6616 203767 163032 32097 8638 0.80009 0.8 12 17
0.0430698 81.0149 203057 162501 32090 8466 0.800273 0.8 12 17
0.0496283 93.3516 204799 164071 32100 8628 0.801132 0.8 12 17
0.0397602 74.7897 201483 161124 32070 8289 0.79969 0.8 12 17
0.0416072 78.264 201744 161425 32073 8246 0.800148 0.8 12 17
0.0411301 77.3664 204211 163538 32097 8576 0.800829 0.8 12 17
0.0476473 89.6253 204119 163217 32108 8794 0.799617 0.8 12 17
0.0419322 78.8753 203400 162683 32101 8616 0.799818 0.8 12 17
0.0520149 97.8408 200054 159869 32077 8108 0.799129 0.8 12 17
0.0434682 81.7645 200721 160339 32084 8298 0.798815 0.8 12 17
0.0501401 94.3141 199666 159715 32085 7866 0.799911 0.8 12 17
0.0442191 83.1769 201313 160846 32106 8361 0.798985 0.8 12 17
0.057307 107.795 202532 162229 32094 8209 0.801004 0.8 12 17
