1.2427 7.45617 33376 0 33000 376 0 0
1.89379 11.3627 33376 0 33000 376 0 0
1.82703 10.9622 33376 0 33000 376 0 0
1.48248 8.89489 33376 0 33000 376 0 0
2.04535 12.2721 33376 0 33000 376 0 0
1.306 7.83601 33376 0 33000 376 0 0
1.40572 8.43435 33358 0 33000 358 0 0
1.81099 10.866 33371 0 33000 371 0 0
1.39595 8.37568 33353 0 33000 353 0 0
1.61064 9.66386 33376 0 33000 376 0 0
1.73763 10.4258 36801 3799 33000 2 0.103231 0.1
1.52342 9.14055 36733 3730 33000 3 0.101544 0.1
1.8101 10.8606 36626 3624 33000 2 0.0989461 0.1
2.00222 12.0133 36584 3581 33000 3 0.0978843 0.1
1.32375 7.9425 36719 3716 33000 3 0.101201 0.1
1.47241 8.83447 36707 3704 33000 3 0.100907 0.1
1.41959 8.51756 36685 3683 33000 2 0.100395 0.1
1.23471 7.40824 36665 3663 33000 2 0.0999045 0.1
1.56076 9.36454 36588 3584 33000 4 0.0979556 0.1
1.59212 9.55271 41335 8332 33000 3 0.201573 0.2
1.48345 8.90071 41302 8302 33000 0 0.201007 0.2
1.53753 9.22518 41262 8259 33000 3 0.20016 0.2
1.53289 9.19735 41213 8211 33000 2 0.199233 0.2
2.16979 13.0188 41404 8401 33000 3 0.202903 0.2
1.65716 9.94294 41254 8254 33000 0 0.200078 0.2
1.88418 11.3051 41153 8152 33000 1 0.19809 0.2
1.77228 10.6337 41269 8266 33000 3 0.200296 0.2
1.64186 9.85117 41236 8234 33000 2 0.19968 0.2
1.97252 11.8351 41323 8319 33000 4 0.201316 0.2
1.46594 8.79564 47298 14296 33000 2 0.302254 0.3
2.00378 12.0227 47296 14294 33000 2 0.302224 0.3
1.52965 9.17792 47163 14161 33000 2 0.300257 0.3
1.91325 11.4795 47323 14319 33000 4 0.30258 0.3
1.29509 7.77056 47196 14194 33000 2 0.300746 0.3
1.57739 9.46432 47119 14118 33000 1 0.299624 0.3
1.71976 10.3186 47292 14290 33000 2 0.302165 0.3
1.53879 9.23276 47126 14123 33000 3 0.299686 0.3
1.82491 10.9495 47154 14153 33000 1 0.300144 0.3
2.21223 13.2734 55003 22002 33000 1 0.400015 0.4
1.74851 10.491 54868 21867 33000 1 0.398538 0.4
1.76472 10.5883 54872 21869 33000 3 0.398546 0.4
1.8538 11.1228 55271 22270 33000 1 0.402924 0.4
1.962 11.772 55034 22033 33000 1 0.400353 0.4
2.20396 13.2238 54830 21829 33000 1 0.398121 0.4
1.82827 10.9696 54945 21944 33000 1 0.399381 0.4
1.98477 11.9086 55173 22171 33000 2 0.401845 0.4
1.65682 9.94094 55032 22029 33000 3 0.400294 0.4
2.10092 12.6055 55248 22245 33000 3 0.402639 0.4
1.64891 9.89346 66503 33503 33000 0 0.503782 0.5
1.73627 10.4176 65493 32492 33000 1 0.496114 0.5
1.669 10.014 65955 32954 33000 1 0.499644 0.5
2.01692 12.1015 66233 33233 33000 0 0.501759 0.5
1.72835 10.3701 65519 32517 33000 2 0.496299 0.5
2.70941 16.2564 66601 33600 33000 1 0.504497 0.5
2.39878 14.3927 66054 33053 33000 1 0.500394 0.5
1.54125 9.2475 65469 32468 33000 1 0.495929 0.5
2.37402 14.2441 66272 33270 33000 2 0.502022 0.5
1.85095 11.1057 65686 32685 33000 1 0.497595 0.5
2.63485 15.8091 82554 49554 33000 0 0.600262 0.6
2.12928 12.7757 83024 50023 33000 1 0.602513 0.6
2.66935 16.0161 82431 49431 33000 0 0.599665 0.6
2.36357 14.1814 82107 49106 33000 1 0.598073 0.6
2.23846 13.4307 82236 49236 33000 0 0.598716 0.6
2.16217 12.973 82811 49811 33000 0 0.601502 0.6
2.19709 13.1825 82841 49839 33000 2 0.601622 0.6
2.48814 14.9289 83029 50028 33000 1 0.602536 0.6
2.38331 14.2999 108957 75956 33000 1 0.697119 0.7
2.73911 16.4347 110201 77200 33000 1 0.700538 0.7
3.36656 20.1994 109952 76952 33000 0 0.699869 0.7
3.40376 20.4226 110443 77443 33000 0 0.701203 0.7
2.26389 13.5834 109699 76697 33000 2 0.699159 0.7
2.61418 15.6851 109931 76930 33000 1 0.699803 0.7
2.48592 14.9155 109584 76584 33000 0 0.698861 0.7
2.6934 16.1604 109806 76806 33000 0 0.69947 0.7
2.47714 14.8628 110064 77063 33000 1 0.700165 0.7
2.29094 13.7456 109941 76940 33000 1 0.69983 0.7
3.15076 18.9046 164116 131116 33000 0 0.798923 0.8
2.85464 17.1278 166122 133122 33000 0 0.801351 0.8
3.03455 18.2073 165275 132274 33000 1 0.800327 0.8
3.94292 23.6575 165523 132523 33000 0 0.800632 0.8
2.96283 17.777 165680 132680 33000 0 0.800821 0.8
2.93092 17.5855 165957 132957 33000 0 0.801153 0.8
2.97758 17.8655 165669 132669 33000 0 0.800808 0.8