33959 22563 13.1952 28.0151 42.1657 0.00266772 0 12 17
34062 22563 13.9728 26.456 39.9399 0.00126219 0 12 17
34016 22563 13.1544 28.1018 42.3673 0.00207861 0 12 17
34082 22563 13.4179 27.5501 41.6161 0.00874379 0 12 17
34039 22563 13.9596 26.4809 39.9506 0.00900388 0 12 17
34051 22563 13.394 27.5992 41.6523 0.00373058 0 12 17
34071 22563 14.4418 25.5968 38.653 0.00309931 0 12 17
33980 22563 14.3835 25.7005 38.706 0.00415786 0 12 17
34050 22563 13.6387 27.1041 40.904 0.00279715 0 12 17
34078 22563 15.0039 24.6378 37.2126 0.0034467 0 12 17
34081 22563 13.6101 27.161 41.0271 0.00474398 0 12 17
33949 22563 13.7222 26.939 40.5342 0.00265378 0 12 17
34131 22563 14.7096 25.1307 38.0161 0.00461376 0 12 17
33993 22563 13.6888 27.0048 40.6858 0.0057855 0 12 17
34082 22563 13.3838 27.6202 41.7221 0.00185602 0 12 17
34024 22563 14.6606 25.2148 38.0237 0.00393978 0 12 17
34097 22563 13.2055 27.9932 42.304 0.00269311 0 12 17
34084 22563 14.2654 25.9133 39.146 0.00382196 0 12 17
34067 22563 14.0331 26.3423 39.7741 0.00390565 0 12 17
34063 22563 13.0785 28.265 42.6722 0.00317406 0 12 17
34064 22563 14.4118 25.6501 38.7256 0.00581467 0 12 17
34047 22563 13.8981 26.5982 40.1369 0.00159628 0 12 17
34081 22563 13.1526 28.1058 42.4543 0.00175601 0 12 17
34147 22563 14.7849 25.0029 37.8404 0.00528868 0 12 17
34022 22563 13.1471 28.1175 42.3984 0.00193589 0 12 17
33944 22563 13.6126 27.1561 40.8548 0.00527901 0 12 17
34025 22563 14.2106 26.0132 39.2288 0.0027012 0 12 17
34040 22563 13.2851 27.8253 41.9801 0.00334024 0 12 17
33999 22563 13.9894 26.4246 39.8187 0.00538384 0 12 17
34046 22563 13.6671 27.0477 40.814 0.00278026 0 12 17
34041 22563 13.2646 27.8685 42.0464 0.00992336 0 12 17
34104 22563 14.4169 25.6409 38.7572 0.00390593 0 12 17
34080 22563 13.2721 27.8527 42.0707 0.00518789 0 12 17
34120 22563 13.1283 28.1578 42.5815 0.00184468 0 12 17
33975 22563 14.7195 25.1138 37.8168 0.00857141 0 12 17
34071 22563 13.2322 27.9367 42.1864 0.00551027 0 12 17
34044 22563 13.146 28.1199 42.4295 0.00313485 0 12 17
33978 22563 14.1084 26.2017 39.4585 0.00273318 0 12 17
34064 22563 13.2101 27.9833 42.2482 0.00510161 0 12 17
34088 22563 13.6362 27.109 40.957 0.00117526 0 12 17
33984 22563 13.6656 27.0507 40.7442 0.00211212 0 12 17
34004 22563 13.2264 27.949 42.122 0.00314825 0 12 17
34120 22563 14.2764 25.8933 39.157 0.00662912 0 12 17
34118 22563 13.1445 28.123 42.5264 0.0040047 0 12 17
34059 22563 13.0943 28.2308 42.6155 0.00174173 0 12 17
34044 22563 14.3138 25.8256 38.9677 0.00136657 0 12 17
34086 22563 13.0859 28.249 42.6769 0.00588862 0 12 17
34040 22563 13.0818 28.2579 42.6326 0.00397544 0 12 17
33870 22563 14.2963 25.8573 38.816 0.00211222 0 12 17
34002 22563 13.1583 28.0936 42.3375 0.000474696 0 12 17
34037 22563 14.4515 25.5797 38.5886 0.00432537 0 12 17
34052 22563 13.6918 26.9989 40.7476 0.00552314 0 12 17
33985 22563 13.4502 27.484 41.398 0.00509339 0 12 17
34058 22563 14.6296 25.2682 38.1423 0.00170172 0 12 17
34034 22563 13.1115 28.1939 42.5286 0.00318176 0 12 17
34040 22563 13.3765 27.6354 41.6935 0.00597787 0 12 17
34053 22563 14.3403 25.7779 38.9059 0.00303107 0 12 17
34039 22563 13.0635 28.2974 42.6911 0.00156595 0 12 17
34083 22563 12.9852 28.4681 43.0041 0.00380179 0 12 17
34083 22563 14.0729 26.2679 39.6804 0.00375134 0 12 17
34088 22563 13.1566 28.0971 42.4499 0.0013269 0 12 17
34082 22563 13.5461 27.2893 41.2222 0.00397557 0 12 17
33975 22563 13.934 26.5296 39.9487 0.00407718 0 12 17
34087 22563 13.3725 27.6436 41.7635 0.00814887 0 12 17
34063 22563 14.2701 25.9047 39.1089 0.00157151 0 12 17
34063 22563 13.7693 26.847 40.5315 0.00649529 0 12 17
34025 22563 13.1091 28.1991 42.5252 0.00284191 0 12 17
34041 22563 14.4157 25.6431 38.6889 0.0030428 0 12 17
34060 22563 13.3165 27.7599 41.9059 0.00318608 0 12 17
34046 22563 13.1754 28.057 42.3371 0.00351278 0 12 17
34040 22563 14.0677 26.2775 39.6449 0.00324229 0 12 17
34121 22563 13.1598 28.0904 42.4808 0.0103735 0 12 17
34091 22563 13.4058 27.575 41.6647 0.0028448 0 12 17
34116 22563 13.8313 26.7267 40.4125 0.00320076 0 12 17
34028 22563 13.0334 28.3629 42.776 0.002904 0 12 17
34002 22563 14.0092 26.3873 39.766 0.00113535 0 12 17
34028 22563 13.2141 27.9749 42.1908 0.00465972 0 12 17
34042 22563 13.5124 27.3573 41.2763 0.00191645 0 12 17
33977 22563 14.5271 25.4464 38.3199 0.00157375 0 12 17
34006 22563 13.0297 28.3708 42.7602 0.004908 0 12 17
34075 22563 14.0976 26.2218 39.6014 0.00778145 0 12 17
34056 22563 13.2758 27.845 42.0295 0.00416491 0 12 17
33951 22563 13.1134 28.1898 42.4188 0.00675327 0 12 17
34113 22563 14.1868 26.0569 39.3963 0.00359451 0 12 17
34045 22563 13.0596 28.3058 42.7113 0.00196723 0 12 17
34070 22563 14.0572 26.2971 39.7094 0.00261631 0 12 17
34050 22563 13.4543 27.4755 41.4645 0.00163438 0 12 17
34121 22563 13.8858 26.6217 40.2597 0.00830059 0 12 17
34050 22563 16.2507 22.7476 34.3294 0.00350864 0 12 17
33966 22563 14.4036 25.6646 38.636 0.00262366 0 12 17
34067 22563 14.8412 24.908 37.6085 0.00569198 0 12 17
34004 22563 16.4924 22.4141 33.7804 0.00234676 0 12 17
34085 22563 13.9126 26.5703 40.1396 0.00493233 0 12 17
34098 22563 14.1765 26.0758 39.4075 0.00766208 0 12 17
34009 22563 14.5535 25.4004 38.2866 0.00219007 0 12 17
33986 22563 13.8228 26.743 40.2832 0.002129 0 12 17
34056 22563 14.6562 25.2224 38.0709 0.00387717 0 12 17
34040 22563 14.3169 25.8201 38.9548 0.00659775 0 12 17
33975 22563 13.5114 27.3593 41.1982 0.0044233 0 12 17
33947 22563 15.2394 24.2571 36.4967 0.00216138 0 12 17
38093 22563 20.1275 18.3661 31.0081 0.116212 0.1 12 17
38454 22563 18.2219 20.2867 34.5754 0.105709 0.1 12 17
37831 22563 19.3357 19.1182 32.0559 0.11068 0.1 12 17
38177 22563 18.6862 19.7827 33.4735 0.107345 0.1 12 17
38442 22563 18.6678 19.8022 33.739 0.110189 0.1 12 17
38365 22563 18.9787 19.4779 33.1199 0.102306 0.1 12 17
38354 22563 19.0415 19.4136 33.0012 0.108983 0.1 12 17
38266 22563 18.157 20.3593 34.5294 0.116713 0.1 12 17
38468 22563 18.8622 19.5982 33.414 0.104752 0.1 12 17
38043 22563 17.8601 20.6978 34.8989 0.102347 0.1 12 17
38359 22563 20.3054 18.2052 30.9511 0.106289 0.1 12 17
38213 22563 17.7762 20.7954 35.2203 0.0989186 0.1 12 17
38368 22563 24.7763 14.92 25.3719 0.105935 0.1 12 17
38404 22563 18.1758 20.3382 34.618 0.109559 0.1 12 17
38077 22563 19.465 18.9912 32.0499 0.0967857 0.1 12 17
38391 22563 18.2785 20.224 34.4119 0.124025 0.1 12 17
38202 22563 19.9081 18.5685 31.4395 0.117612 0.1 12 17
38248 22563 18.5204 19.9598 33.8359 0.113452 0.1 12 17
37684 22563 22.0929 16.7323 27.9463 0.114285 0.1 12 17
38539 22563 20.3853 18.1338 30.9744 0.115461 0.1 12 17
38641 22563 19.763 18.7048 32.0342 0.108001 0.1 12 17
38429 22563 18.6023 19.872 33.8464 0.105873 0.1 12 17
38092 22563 21.1792 17.4541 29.4676 0.111247 0.1 12 17
38377 22563 17.9742 20.5664 34.9818 0.114789 0.1 12 17
38164 22563 19.3505 19.1036 32.3134 0.0925757 0.1 12 17
38249 22563 18.354 20.1407 34.1435 0.104993 0.1 12 17
38215 22563 19.1809 19.2725 32.6427 0.103537 0.1 12 17
38373 22563 18.4445 20.042 34.0863 0.114756 0.1 12 17
38254 22563 19.4782 18.9784 32.1772 0.11196 0.1 12 17
38143 22563 18.7137 19.7536 33.3944 0.114457 0.1 12 17
38555 22563 18.4325 20.0549 34.2701 0.117722 0.1 12 17
38361 22563 19.3117 19.1419 32.5453 0.11838 0.1 12 17
38108 22563 18.5775 19.8985 33.6085 0.116637 0.1 12 17
37923 22563 19.0522 19.4027 32.612 0.111128 0.1 12 17
38280 22563 19.1809 19.2724 32.6981 0.110307 0.1 12 17
38260 22563 19.365 19.0892 32.3703 0.10973 0.1 12 17
38112 22563 18.1155 20.4059 34.4692 0.101207 0.1 12 17
38513 22563 18.9906 19.4656 33.2268 0.114515 0.1 12 17
38025 22563 18.4264 20.0617 33.8104 0.102949 0.1 12 17
38335 22563 19.3581 19.0961 32.4453 0.111542 0.1 12 17
38467 22563 17.3561 21.2988 36.3125 0.109086 0.1 12 17
38028 22563 21.0948 17.5239 29.5358 0.115576 0.1 12 17
38414 22563 17.1794 21.5178 36.6354 0.109313 0.1 12 17
38521 22563 18.2258 20.2825 34.6283 0.106422 0.1 12 17
38333 22563 18.4039 20.0861 34.1257 0.12055 0.1 12 17
38320 22563 18.6947 19.7737 33.5836 0.10968 0.1 12 17
38422 22563 18.0893 20.4355 34.7999 0.110368 0.1 12 17
38341 22563 18.2102 20.2998 34.4959 0.111061 0.1 12 17
38259 22563 17.682 20.9062 35.4505 0.11422 0.1 12 17
38528 22563 18.0079 20.5278 35.0536 0.124517 0.1 12 17
38219 22563 18.102 20.4211 34.5918 0.116938 0.1 12 17
38372 22563 18.3877 20.1039 34.1906 0.114889 0.1 12 17
38403 22563 18.5591 19.9182 33.9022 0.117125 0.1 12 17
38270 22563 17.8861 20.6677 35.0561 0.107488 0.1 12 17
38380 22563 18.5459 19.9324 33.906 0.110006 0.1 12 17
38403 22563 17.7782 20.7931 35.3914 0.109156 0.1 12 17
38525 22563 18.5413 19.9373 34.0426 0.11078 0.1 12 17
38267 22563 19.7714 18.6968 31.7107 0.108136 0.1 12 17
38225 22563 18.719 19.7481 33.4569 0.11023 0.1 12 17
37991 22563 18.0654 20.4625 34.455 0.107227 0.1 12 17
38244 22563 17.9776 20.5625 34.8539 0.107888 0.1 12 17
38187 22563 17.2357 21.4476 36.3001 0.112139 0.1 12 17
38380 22563 17.9912 20.5469 34.9513 0.107974 0.1 12 17
37963 22563 18.1159 20.4055 34.3337 0.104152 0.1 12 17
38494 22563 18.0755 20.4511 34.8917 0.120049 0.1 12 17
38170 22563 19.3081 19.1456 32.3894 0.108487 0.1 12 17
38333 22563 19.8228 18.6484 31.6831 0.109933 0.1 12 17
38028 22563 18.1198 20.4011 34.3851 0.109847 0.1 12 17
38542 22563 18.7343 19.7319 33.7068 0.106468 0.1 12 17
38363 22563 16.7362 22.0877 37.5557 0.101505 0.1 12 17
38381 22563 18.7404 19.7255 33.5551 0.110281 0.1 12 17
38372 22563 17.8106 20.7553 35.2985 0.11292 0.1 12 17
38409 22563 18.7088 19.7589 33.6363 0.110569 0.1 12 17
38216 22563 17.5325 21.0845 35.7126 0.11084 0.1 12 17
38204 22563 19.2969 19.1566 32.437 0.106171 0.1 12 17
38439 22563 17.3116 21.3535 36.3793 0.108076 0.1 12 17
38168 22563 17.766 20.8074 35.199 0.101805 0.1 12 17
38369 22563 18.8723 19.5877 33.3101 0.102413 0.1 12 17
38437 22563 18.5543 19.9233 33.9409 0.10162 0.1 12 17
38312 22563 17.9862 20.5526 34.8992 0.11142 0.1 12 17
38118 22563 22.1323 16.7025 28.2178 0.115956 0.1 12 17
38146 22563 20.0965 18.3944 31.0991 0.109428 0.1 12 17
38403 22563 19.919 18.5584 31.5877 0.111058 0.1 12 17
37747 22563 22.8099 16.2063 27.1131 0.102005 0.1 12 17
38338 22563 20.7867 17.7837 30.2179 0.116095 0.1 12 17
38509 22563 19.1684 19.285 32.9152 0.118717 0.1 12 17
38322 22563 21.8819 16.8936 28.6935 0.0986714 0.1 12 17
38443 22563 19.2689 19.1845 32.6875 0.120108 0.1 12 17
38084 22563 20.8058 17.7674 29.9902 0.106856 0.1 12 17
38467 22563 21.096 17.5229 29.8749 0.113693 0.1 12 17
38300 22563 18.7314 19.735 33.5003 0.102732 0.1 12 17
38048 22563 18.8164 19.6458 33.1295 0.106798 0.1 12 17
38222 22563 21.4027 17.2718 29.2593 0.112174 0.1 12 17
38393 22563 18.0931 20.4311 34.7662 0.114221 0.1 12 17
38112 22563 19.1334 19.3204 32.6355 0.109708 0.1 12 17
38542 22563 20.9609 17.6359 30.1262 0.106117 0.1 12 17
38253 22563 18.9628 19.4941 33.0508 0.111028 0.1 12 17
38170 22563 17.3213 21.3416 36.1045 0.108084 0.1 12 17
38168 22563 22.8387 16.1858 27.3809 0.101357 0.1 12 17
38353 22563 18.2592 20.2453 34.4141 0.114412 0.1 12 17
43167 22563 21.9236 16.8615 32.2597 0.215483 0.2 12 17
43305 22563 26.4707 13.965 26.8036 0.221767 0.2 12 17
43290 22563 23.17 15.9544 30.6112 0.213098 0.2 12 17
43434 22563 24.58 15.0392 28.9513 0.218984 0.2 12 17
43267 22563 22.2846 16.5883 31.8105 0.215548 0.2 12 17
43165 22563 25.8214 14.3162 27.3888 0.216569 0.2 12 17
43148 22563 25.0023 14.7852 28.2749 0.213169 0.2 12 17
43307 22563 22.3147 16.5659 31.797 0.218061 0.2 12 17
43271 22563 24.1691 15.2949 29.333 0.222272 0.2 12 17
43330 22563 23.0814 16.0157 30.7572 0.212186 0.2 12 17
43355 22563 24.0797 15.3517 29.4991 0.222062 0.2 12 17
43332 22563 25.0952 14.7305 28.2904 0.21938 0.2 12 17
43413 22563 22.4345 16.4774 31.7046 0.204969 0.2 12 17
43344 22563 25.4178 14.5435 27.939 0.225712 0.2 12 17
43206 22563 23.6112 15.6563 29.981 0.220832 0.2 12 17
43237 22563 22.0775 16.7439 32.0867 0.210578 0.2 12 17
43344 22563 25.7434 14.3595 27.5856 0.219072 0.2 12 17
43322 22563 24.4054 15.1468 29.0833 0.219289 0.2 12 17
43187 22563 24.5639 15.0491 28.8055 0.223923 0.2 12 17
43266 22563 23.2693 15.8863 30.4637 0.216764 0.2 12 17
43190 22563 23.17 15.9544 30.5405 0.221566 0.2 12 17
43087 22563 24.025 15.3866 29.3835 0.221687 0.2 12 17
43253 22563 22.4289 16.4816 31.5957 0.216376 0.2 12 17
43101 22563 21.2187 17.4216 33.2804 0.213466 0.2 12 17
43231 22563 25.2868 14.6188 28.0105 0.219787 0.2 12 17
43276 22563 21.5445 17.1581 32.9102 0.226819 0.2 12 17
43135 22563 25.2536 14.638 27.985 0.211161 0.2 12 17
43203 22563 21.6329 17.088 32.7204 0.214376 0.2 12 17
43410 22563 23.536 15.7063 30.2188 0.215328 0.2 12 17
43211 22563 26.4355 13.9836 26.7809 0.212051 0.2 12 17
43214 22563 22.0745 16.7462 32.0741 0.210315 0.2 12 17
43548 22563 28.7191 12.8717 24.8438 0.216206 0.2 12 17
43382 22563 21.3802 17.29 33.2443 0.221725 0.2 12 17
43175 22563 20.7215 17.8397 34.1375 0.207108 0.2 12 17
43119 22563 27.1965 13.5923 25.9762 0.216373 0.2 12 17
43049 22563 20.6811 17.8745 34.1043 0.205348 0.2 12 17
43086 22563 26.2399 14.0878 26.9026 0.207115 0.2 12 17
43177 22563 23.6455 15.6336 29.9174 0.214499 0.2 12 17
43185 22563 23.5895 15.6707 29.994 0.221155 0.2 12 17
43287 22563 26.8912 13.7466 26.3734 0.211988 0.2 12 17
43315 22563 21.8754 16.8986 32.4416 0.216173 0.2 12 17
43397 22563 27.1264 13.6275 26.2113 0.211941 0.2 12 17
43487 22563 23.3311 15.8443 30.5383 0.22267 0.2 12 17
43018 22563 21.8163 16.9444 32.3065 0.210585 0.2 12 17
43025 22563 28.1594 13.1276 25.0333 0.221214 0.2 12 17
43318 22563 22.6212 16.3415 31.3743 0.215793 0.2 12 17
43202 22563 28.0217 13.192 25.2597 0.218254 0.2 12 17
43284 22563 23.4357 15.7735 30.26 0.216768 0.2 12 17
43271 22563 21.8287 16.9348 32.478 0.220135 0.2 12 17
43271 22563 25.7546 14.3533 27.5272 0.221288 0.2 12 17
43431 22563 23.3715 15.8169 30.4462 0.217893 0.2 12 17
43246 22563 22.1426 16.6947 31.9991 0.222221 0.2 12 17
43316 22563 22.6593 16.314 31.32 0.219146 0.2 12 17
43288 22563 23.503 15.7284 30.1762 0.212895 0.2 12 17
43262 22563 22.0935 16.7318 32.082 0.216901 0.2 12 17
43254 22563 21.5925 17.12 32.8203 0.236751 0.2 12 17
43143 22563 21.7191 17.0202 32.5454 0.209532 0.2 12 17
43114 22563 20.7681 17.7996 34.0127 0.209053 0.2 12 17
43220 22563 20.7533 17.8123 34.1207 0.203727 0.2 12 17
43349 22563 22.8685 16.1648 31.0571 0.208843 0.2 12 17
43254 22563 21.1572 17.4722 33.4956 0.211096 0.2 12 17
43254 22563 22.7361 16.2589 31.1695 0.210214 0.2 12 17
43181 22563 21.5758 17.1332 32.7903 0.214827 0.2 12 17
43408 22563 26.2243 14.0962 27.1198 0.213867 0.2 12 17
43317 22563 23.1458 15.9711 30.6623 0.214563 0.2 12 17
43222 22563 21.9028 16.8775 32.3315 0.218502 0.2 12 17
43437 22563 23.6446 15.6342 30.0987 0.220244 0.2 12 17
43176 22563 21.6103 17.1059 32.7342 0.219511 0.2 12 17
43251 22563 21.5806 17.1294 32.8362 0.218696 0.2 12 17
43270 22563 22.7453 16.2523 31.1684 0.226643 0.2 12 17
43441 22563 22.1067 16.7218 32.1955 0.220033 0.2 12 17
43058 22563 23.9391 15.4419 29.4691 0.218721 0.2 12 17
43431 22563 19.8971 18.5788 35.7627 0.213735 0.2 12 17
43263 22563 23.4681 15.7518 30.2036 0.220623 0.2 12 17
43342 22563 20.8923 17.6937 33.9893 0.204175 0.2 12 17
43198 22563 23.2504 15.8992 30.4406 0.215616 0.2 12 17
43340 22563 23.339 15.8389 30.4247 0.235071 0.2 12 17
43173 22563 20.8397 17.7384 33.9423 0.221237 0.2 12 17
43217 22563 22.5484 16.3942 31.4021 0.214179 0.2 12 17
43197 22563 20.9094 17.6793 33.848 0.20977 0.2 12 17
43363 22563 22.5009 16.4289 31.5747 0.215517 0.2 12 17
43079 22563 20.5623 17.9777 34.3252 0.210187 0.2 12 17
43166 22563 22.0649 16.7535 32.0523 0.217453 0.2 12 17
43281 22563 21.2072 17.4311 33.4376 0.20723 0.2 12 17
43282 22563 23.7407 15.5709 29.8699 0.204002 0.2 12 17
43271 22563 23.6259 15.6466 30.0074 0.212981 0.2 12 17
43121 22563 20.9883 17.6129 33.6614 0.215314 0.2 12 17
43203 22563 21.4281 17.2514 33.0332 0.229885 0.2 12 17
43318 22563 21.4722 17.2159 33.0531 0.213056 0.2 12 17
43435 22563 27.2964 13.5426 26.0708 0.219381 0.2 12 17
43270 22563 24.2032 15.2734 29.291 0.219226 0.2 12 17
43138 22563 20.8716 17.7113 33.8629 0.213546 0.2 12 17
43236 22563 23.0083 16.0666 30.788 0.215029 0.2 12 17
42996 22563 20.9314 17.6607 33.655 0.212945 0.2 12 17
43296 22563 22.0231 16.7853 32.2099 0.22497 0.2 12 17
43500 22563 20.7987 17.7734 34.2668 0.224004 0.2 12 17
43041 22563 25.1605 14.6922 28.0275 0.209821 0.2 12 17
43196 22563 21.8866 16.8899 32.3359 0.216216 0.2 12 17
43526 22563 21.7403 17.0036 32.8022 0.228227 0.2 12 17
43409 22563 21.7048 17.0314 32.7675 0.206974 0.2 12 17
50649 22563 25.5144 14.4884 32.5241 0.322577 0.3 12 17
50512 22563 24.0695 15.3581 34.3832 0.328284 0.3 12 17
50243 22563 23.1749 15.951 35.5203 0.324688 0.3 12 17
50321 22563 23.409 15.7915 35.2198 0.338422 0.3 12 17
50817 22563 28.2673 13.0774 29.454 0.327441 0.3 12 17
50464 22563 26.665 13.8633 31.007 0.338159 0.3 12 17
50525 22563 21.8239 16.9385 37.931 0.314862 0.3 12 17
50719 22563 23.2206 15.9196 35.7863 0.33534 0.3 12 17
50373 22563 22.0005 16.8025 37.5133 0.328341 0.3 12 17
49897 22563 26.2404 14.0876 31.1547 0.318569 0.3 12 17
50442 22563 23.3929 15.8024 35.3287 0.328492 0.3 12 17
50287 22563 26.1186 14.1533 31.5446 0.326566 0.3 12 17
50473 22563 26.2245 14.0961 31.5335 0.325277 0.3 12 17
50303 22563 32.8008 11.27 25.1264 0.323639 0.3 12 17
50722 22563 22.6284 16.3363 36.7251 0.32447 0.3 12 17
50693 22563 24.8504 14.8756 33.4222 0.316177 0.3 12 17
50439 22563 24.0128 15.3944 34.4146 0.318394 0.3 12 17
49767 22563 24.3433 15.1855 33.4952 0.326806 0.3 12 17
50723 22563 26.7921 13.7975 31.0183 0.327041 0.3 12 17
50352 22563 25.1199 14.716 32.8412 0.327016 0.3 12 17
50377 22563 22.1314 16.7031 37.2943 0.326841 0.3 12 17
50849 22563 23.4835 15.7414 35.4763 0.331722 0.3 12 17
50350 22563 23.9392 15.4418 34.4595 0.314683 0.3 12 17
50319 22563 25.3695 14.5712 32.4968 0.323234 0.3 12 17
50368 22563 23.5145 15.7207 35.0945 0.32592 0.3 12 17
50270 22563 22.6446 16.3246 36.3717 0.31134 0.3 12 17
50209 22563 26.4201 13.9918 31.1363 0.324518 0.3 12 17
50439 22563 24.7533 14.9339 33.3851 0.315212 0.3 12 17
50856 22563 33.9528 10.8876 24.5407 0.331805 0.3 12 17
49852 22563 27.3471 13.5175 29.867 0.320807 0.3 12 17
50556 22563 30.5596 12.0965 27.1047 0.33416 0.3 12 17
50183 22563 29.0107 12.7423 28.3412 0.319051 0.3 12 17
50552 22563 28.3343 13.0465 29.2311 0.325444 0.3 12 17
50461 22563 24.6758 14.9808 33.5047 0.312142 0.3 12 17
50553 22563 25.0192 14.7752 33.1049 0.328844 0.3 12 17
50310 22563 32.4821 11.3805 25.3764 0.321875 0.3 12 17
50641 22563 27.6756 13.357 29.9796 0.336185 0.3 12 17
50088 22563 27.9533 13.2243 29.3576 0.330743 0.3 12 17
50161 22563 22.8302 16.1919 35.9978 0.332384 0.3 12 17
50166 22563 24.3632 15.173 33.7361 0.322552 0.3 12 17
50537 22563 26.6502 13.8709 31.0691 0.315319 0.3 12 17
50757 22563 21.4993 17.1942 38.6804 0.331482 0.3 12 17
50037 22563 23.3627 15.8228 35.0904 0.324691 0.3 12 17
50096 22563 23.7996 15.5324 34.4869 0.330253 0.3 12 17
50486 22563 23.3276 15.8466 35.4585 0.323451 0.3 12 17
50528 22563 24.8574 14.8714 33.304 0.324378 0.3 12 17
50340 22563 24.6461 14.9989 33.4646 0.325258 0.3 12 17
50566 22563 26.1424 14.1404 31.6908 0.334217 0.3 12 17
50682 22563 26.8943 13.745 30.8754 0.313563 0.3 12 17
50681 22563 22.9112 16.1346 36.2424 0.32471 0.3 12 17
50153 22563 24.5105 15.0818 33.5247 0.315169 0.3 12 17
50574 22563 25.0011 14.7859 33.1427 0.319029 0.3 12 17
50575 22563 25.3132 14.6036 32.7347 0.340487 0.3 12 17
50337 22563 24.8888 14.8526 33.1362 0.323311 0.3 12 17
50717 22563 23.1102 15.9957 35.9558 0.324553 0.3 12 17
49983 22563 23.2586 15.8937 35.2095 0.323704 0.3 12 17
50276 22563 23.5122 15.7222 35.0338 0.31711 0.3 12 17
50380 22563 25.0127 14.779 33.0002 0.324829 0.3 12 17
50718 22563 26.1856 14.1171 31.7337 0.324808 0.3 12 17
50363 22563 24.5476 15.0591 33.6142 0.318905 0.3 12 17
50754 22563 22.7456 16.2521 36.5589 0.321531 0.3 12 17
50119 22563 23.4451 15.7672 35.0244 0.311758 0.3 12 17
50280 22563 25.0896 14.7337 32.8338 0.33866 0.3 12 17
50335 22563 22.0962 16.7297 37.3226 0.32396 0.3 12 17
50305 22563 27.329 13.5264 30.1583 0.318426 0.3 12 17
50085 22563 26.6434 13.8745 30.7991 0.318168 0.3 12 17
50312 22563 22.7463 16.2516 36.2393 0.31733 0.3 12 17
50456 22563 23.6191 15.6511 35.0001 0.327113 0.3 12 17
50688 22563 25.2138 14.6612 32.9372 0.324965 0.3 12 17
50575 22563 27.6831 13.3534 29.9324 0.324747 0.3 12 17
50192 22563 23.7177 15.586 34.6723 0.318788 0.3 12 17
50734 22563 23.4783 15.7449 35.404 0.319947 0.3 12 17
50669 22563 22.3883 16.5115 37.0801 0.326369 0.3 12 17
50563 22563 25.4792 14.5084 32.5137 0.321796 0.3 12 17
50405 22563 25.3694 14.5712 32.5524 0.309608 0.3 12 17
50610 22563 24.9407 14.8217 33.2467 0.314379 0.3 12 17
49784 22563 22.7679 16.2362 35.825 0.319855 0.3 12 17
50549 22563 25.8262 14.3135 32.068 0.325264 0.3 12 17
50403 22563 27.7206 13.3354 29.7903 0.317757 0.3 12 17
50772 22563 23.3894 15.8047 35.5651 0.329126 0.3 12 17
50514 22563 25.0584 14.7521 33.0277 0.310065 0.3 12 17
50577 22563 27.6451 13.3718 29.9747 0.327191 0.3 12 17
50554 22563 24.6093 15.0213 33.6571 0.327095 0.3 12 17
50694 22563 22.981 16.0856 36.1417 0.328241 0.3 12 17
50384 22563 25.1498 14.6985 32.823 0.318491 0.3 12 17
50181 22563 23.9831 15.4135 34.2811 0.326 0.3 12 17
50688 22563 23.3623 15.8231 35.5475 0.335228 0.3 12 17
50259 22563 21.7265 17.0144 37.9004 0.322748 0.3 12 17
50702 22563 22.1211 16.7109 37.5525 0.316751 0.3 12 17
50543 22563 24.4444 15.1226 33.8767 0.307895 0.3 12 17
50822 22563 25.3401 14.5881 32.8597 0.315717 0.3 12 17
50454 22563 23.1091 15.9965 35.7712 0.313288 0.3 12 17
50223 22563 23.7956 15.535 34.5801 0.328377 0.3 12 17
50480 22563 26.2555 14.0795 31.5006 0.326586 0.3 12 17
50183 22563 22.2243 16.6333 36.9954 0.323385 0.3 12 17
49771 22563 26.8238 13.7812 30.4002 0.316827 0.3 12 17
50159 22563 22.3111 16.5686 36.8339 0.319246 0.3 12 17
50759 22563 22.9149 16.132 36.2923 0.323564 0.3 12 17
50149 22563 24.9484 14.8171 32.9336 0.326286 0.3 12 17
50113 22563 23.5617 15.6892 34.8469 0.335592 0.3 12 17
59793 22563 29.696 12.4483 32.9893 0.424933 0.4 12 17
59904 22563 29.6618 12.4626 33.0886 0.428268 0.4 12 17
59452 22563 30.1877 12.2455 32.2669 0.427399 0.4 12 17
59426 22563 26.6667 13.8624 36.5113 0.429228 0.4 12 17
59359 22563 26.5611 13.9175 36.6152 0.439513 0.4 12 17
59375 22563 26.0812 14.1736 37.2989 0.425301 0.4 12 17
60157 22563 29.9653 12.3364 32.8918 0.428089 0.4 12 17
59536 22563 26.8881 13.7482 36.2776 0.437794 0.4 12 17
59188 22563 26.1278 14.1483 37.1151 0.425249 0.4 12 17
59823 22563 26.1404 14.1415 37.4952 0.431739 0.4 12 17
59863 22563 29.331 12.6032 33.4389 0.431082 0.4 12 17
59491 22563 27.0335 13.6743 36.0553 0.423923 0.4 12 17
59064 22563 27.5444 13.4206 35.1325 0.418805 0.4 12 17
59490 22563 27.3831 13.4997 35.5944 0.417452 0.4 12 17
59887 22563 24.7067 14.9621 39.7134 0.427562 0.4 12 17
59510 22563 28.8601 12.8088 33.7841 0.427753 0.4 12 17
59812 22563 24.8623 14.8684 39.4154 0.427625 0.4 12 17
59027 22563 30.2698 12.2123 31.9493 0.421648 0.4 12 17
59572 22563 26.9863 13.6982 36.1675 0.431234 0.4 12 17
59625 22563 29.9303 12.3508 32.639 0.427119 0.4 12 17
59888 22563 30.6514 12.0603 32.0118 0.426343 0.4 12 17
60041 22563 28.163 13.1258 34.9292 0.438431 0.4 12 17
59828 22563 26.5344 13.9315 36.9416 0.43197 0.4 12 17
59724 22563 28.4677 12.9854 34.3729 0.436984 0.4 12 17
59611 22563 29.9713 12.3339 32.5867 0.419289 0.4 12 17
59329 22563 25.0941 14.7311 38.7361 0.427484 0.4 12 17
60179 22563 27.9996 13.2024 35.2138 0.438263 0.4 12 17
59534 22563 28.3176 13.0542 34.4452 0.426069 0.4 12 17
59992 22563 25.8609 14.2943 38.0075 0.42905 0.4 12 17
59508 22563 33.0589 11.182 29.4921 0.425562 0.4 12 17
60022 22563 30.6992 12.0415 32.0334 0.435507 0.4 12 17
59541 22563 27.7299 13.3309 35.1794 0.433628 0.4 12 17
59601 22563 27.8557 13.2707 35.0558 0.43148 0.4 12 17
59860 22563 26.5881 13.9033 36.8867 0.426319 0.4 12 17
59581 22563 26.1051 14.1606 37.3941 0.440136 0.4 12 17
59865 22563 24.9956 14.7891 39.24 0.420742 0.4 12 17
59637 22563 25.3653 14.5736 38.5208 0.425646 0.4 12 17
59516 22563 30.6069 12.0778 31.8592 0.432355 0.4 12 17
59777 22563 29.699 12.447 32.977 0.423691 0.4 12 17
60224 22563 28.0575 13.1752 35.1674 0.430129 0.4 12 17
59567 22563 28.9239 12.7805 33.7418 0.440244 0.4 12 17
59866 22563 28.3428 13.0426 34.6065 0.432841 0.4 12 17
59298 22563 31.8478 11.6072 30.5057 0.425917 0.4 12 17
59893 22563 32.7261 11.2957 29.9848 0.419414 0.4 12 17
59437 22563 29.3411 12.5988 33.1895 0.426456 0.4 12 17
59625 22563 27.1847 13.5982 35.9355 0.434112 0.4 12 17
59407 22563 24.397 15.152 39.8952 0.431865 0.4 12 17
60116 22563 30.0302 12.3097 32.7983 0.422224 0.4 12 17
60108 22563 25.7485 14.3567 38.2473 0.419152 0.4 12 17
59738 22563 24.5514 15.0567 39.8653 0.423893 0.4 12 17
59398 22563 26.4121 13.996 36.8458 0.423818 0.4 12 17
59949 22563 26.9543 13.7145 36.4397 0.428713 0.4 12 17
59805 22563 27.3686 13.5069 35.8019 0.433284 0.4 12 17
59530 22563 27.1825 13.5993 35.8812 0.433426 0.4 12 17
59920 22563 25.3302 14.5938 38.7573 0.428472 0.4 12 17
59937 22563 32.7431 11.2898 29.9913 0.435856 0.4 12 17
59217 22563 27.0427 13.6696 35.877 0.427033 0.4 12 17
59569 22563 26.0409 14.1955 37.4787 0.435654 0.4 12 17
59759 22563 27.101 13.6402 36.1275 0.438375 0.4 12 17
59329 22563 28.3397 13.044 34.2998 0.434296 0.4 12 17
59107 22563 33.9084 10.9018 28.5595 0.441947 0.4 12 17
59920 22563 30.2076 12.2374 32.4994 0.436972 0.4 12 17
59514 22563 29.1857 12.6659 33.4094 0.431429 0.4 12 17
59398 22563 31.9283 11.5779 30.4801 0.431041 0.4 12 17
59400 22563 27.8453 13.2756 34.9506 0.423972 0.4 12 17
59621 22563 32.4617 11.3877 30.0918 0.427555 0.4 12 17
59660 22563 26.8373 13.7742 36.422 0.426613 0.4 12 17
59478 22563 26.6601 13.8658 36.5523 0.421158 0.4 12 17
59721 22563 26.9389 13.7223 36.3218 0.432975 0.4 12 17
59773 22563 24.6426 15.001 39.741 0.43452 0.4 12 17
59641 22563 26.3665 14.0202 37.0606 0.424245 0.4 12 17
59211 22563 27.2528 13.5643 35.5969 0.436218 0.4 12 17
59934 22563 28.6449 12.905 34.2803 0.436606 0.4 12 17
59841 22563 27.3964 13.4932 35.787 0.43142 0.4 12 17
59480 22563 28.7969 12.8369 33.8412 0.432772 0.4 12 17
59567 22563 25.974 14.2321 37.5739 0.432465 0.4 12 17
59774 22563 33.0345 11.1902 29.6459 0.438598 0.4 12 17
59315 22563 28.836 12.8195 33.7015 0.418353 0.4 12 17
59684 22563 27.1119 13.6348 36.0677 0.434483 0.4 12 17
59597 22563 26.1182 14.1535 37.3853 0.43702 0.4 12 17
59497 22563 26.7454 13.8216 36.4474 0.432293 0.4 12 17
59491 22563 24.4267 15.1336 39.9031 0.426418 0.4 12 17
59556 22563 29.1629 12.6758 33.4592 0.430279 0.4 12 17
60041 22563 32.7253 11.296 30.0597 0.431584 0.4 12 17
59857 22563 32.572 11.3491 30.1086 0.442964 0.4 12 17
59493 22563 31.5385 11.721 30.9062 0.432154 0.4 12 17
59147 22563 29.1284 12.6908 33.2687 0.421051 0.4 12 17
59430 22563 26.3894 14.0081 36.8975 0.43099 0.4 12 17
60081 22563 25.0783 14.7404 39.2517 0.42543 0.4 12 17
59706 22563 34.3627 10.7577 28.4676 0.427211 0.4 12 17
60255 22563 30.8958 11.9649 31.9532 0.436668 0.4 12 17
59690 22563 27.7549 13.3189 35.2356 0.438333 0.4 12 17
59899 22563 31.9468 11.5712 30.7193 0.435946 0.4 12 17
59369 22563 25.6178 14.43 37.9698 0.438042 0.4 12 17
60265 22563 29.6534 12.4661 33.2974 0.426645 0.4 12 17
59816 22563 34.8269 10.6143 28.1399 0.433452 0.4 12 17
59599 22563 28.2919 13.066 34.5141 0.428084 0.4 12 17
59930 22563 26.5611 13.9175 36.9674 0.433508 0.4 12 17
59403 22563 29.0873 12.7088 33.46 0.427142 0.4 12 17
59396 22563 28.3417 13.0431 34.3361 0.444682 0.4 12 17
73227 22563 27.8849 13.2567 43.0251 0.541808 0.5 12 17
73479 22563 32.566 11.3512 36.9673 0.544547 0.5 12 17
73712 22563 35.1085 10.5292 34.399 0.531482 0.5 12 17
73792 22563 29.2958 12.6183 41.269 0.537904 0.5 12 17
72995 22563 31.4784 11.7434 37.9927 0.544207 0.5 12 17
73722 22563 32.3327 11.4331 37.3572 0.53237 0.5 12 17
73026 22563 44.4184 8.32231 26.9361 0.54348 0.5 12 17
73665 22563 36.3731 10.1631 33.1818 0.536115 0.5 12 17
73271 22563 31.9197 11.581 37.6091 0.545336 0.5 12 17
73471 22563 28.8234 12.8251 41.7629 0.548622 0.5 12 17
73454 22563 34.1932 10.811 35.1962 0.521021 0.5 12 17
73491 22563 31.1755 11.8575 38.6225 0.538525 0.5 12 17
73182 22563 27.0626 13.6596 44.3051 0.538719 0.5 12 17
73803 22563 29.7354 12.4318 40.6649 0.541107 0.5 12 17
73041 22563 30.3276 12.189 39.4592 0.539026 0.5 12 17
73219 22563 29.3215 12.6073 40.9127 0.537602 0.5 12 17
73529 22563 33.0572 11.1826 36.4429 0.53253 0.5 12 17
73143 22563 34.0927 10.8429 35.1505 0.539367 0.5 12 17
72882 22563 40.1234 9.21316 29.7606 0.530846 0.5 12 17
73036 22563 34.1871 10.813 35.0021 0.535415 0.5 12 17
73162 22563 34.6765 10.6603 34.5677 0.535291 0.5 12 17
73436 22563 37.1856 9.94105 32.356 0.530898 0.5 12 17
73072 22563 34.6801 10.6592 34.5216 0.54161 0.5 12 17
73451 22563 28.7921 12.8391 41.797 0.544629 0.5 12 17
73274 22563 32.9288 11.2261 36.4581 0.536309 0.5 12 17
73478 22563 32.2645 11.4573 37.3124 0.53669 0.5 12 17
73552 22563 38.3241 9.64573 31.4444 0.538056 0.5 12 17
73602 22563 33.0578 11.1823 36.4784 0.539358 0.5 12 17
73728 22563 30.1115 12.2765 40.1163 0.53722 0.5 12 17
73584 22563 30.0996 12.2813 40.0537 0.546104 0.5 12 17
73265 22563 27.8225 13.2865 43.144 0.534952 0.5 12 17
73212 22563 29.2394 12.6427 41.0236 0.535144 0.5 12 17
73797 22563 41.0096 9.01407 29.4831 0.53368 0.5 12 17
73639 22563 31.7527 11.642 37.9968 0.534634 0.5 12 17
73764 22563 32.9387 11.2228 36.6909 0.532933 0.5 12 17
73488 22563 35.9969 10.2693 33.4481 0.528848 0.5 12 17
73715 22563 32.4266 11.4 37.2455 0.536868 0.5 12 17
73206 22563 32.8174 11.2642 36.5479 0.545972 0.5 12 17
72269 22563 30.8173 11.9953 38.4218 0.541664 0.5 12 17
73712 22563 29.9605 12.3384 40.3097 0.535136 0.5 12 17
72808 22563 29.2475 12.6391 40.7859 0.533233 0.5 12 17
73347 22563 29.5124 12.5257 40.719 0.541003 0.5 12 17
73740 22563 31.1091 11.8828 38.8361 0.532381 0.5 12 17
72796 22563 30.0977 12.2821 39.6273 0.527622 0.5 12 17
73494 22563 28.3122 13.0567 42.5303 0.534034 0.5 12 17
74103 22563 32.4205 11.4021 37.4486 0.534182 0.5 12 17
73667 22563 34.5398 10.7026 34.9441 0.545067 0.5 12 17
72598 22563 31.3689 11.7844 37.918 0.537379 0.5 12 17
73209 22563 30.113 12.2759 39.8318 0.53549 0.5 12 17
73397 22563 25.8134 14.3206 46.5857 0.539768 0.5 12 17
73714 22563 46.9168 7.87913 25.7419 0.53433 0.5 12 17
73696 22563 29.0655 12.7183 41.5419 0.529738 0.5 12 17
73237 22563 29.3352 12.6014 40.9037 0.531129 0.5 12 17
73393 22563 36.745 10.0602 32.7247 0.537094 0.5 12 17
73487 22563 32.5139 11.3694 37.0307 0.547895 0.5 12 17
73299 22563 31.8575 11.6036 37.6969 0.542888 0.5 12 17
73349 22563 26.8757 13.7546 44.7151 0.53481 0.5 12 17
72976 22563 30.6241 12.071 39.0424 0.525583 0.5 12 17
73362 22563 36.0051 10.267 33.3832 0.529247 0.5 12 17
72894 22563 31.9757 11.5608 37.3501 0.527418 0.5 12 17
73303 22563 34.1933 10.811 35.1238 0.538338 0.5 12 17
73264 22563 36.0929 10.242 33.2575 0.529404 0.5 12 17
73513 22563 31.4206 11.765 38.3328 0.543063 0.5 12 17
73124 22563 31.1478 11.8681 38.4639 0.534241 0.5 12 17
73044 22563 50.4689 7.32458 23.7127 0.534052 0.5 12 17
73476 22563 31.7088 11.6581 37.9653 0.526566 0.5 12 17
73520 22563 34.6619 10.6648 34.7514 0.535973 0.5 12 17
73091 22563 29.0682 12.7171 41.197 0.53037 0.5 12 17
73155 22563 31.7784 11.6325 37.7166 0.540772 0.5 12 17
73462 22563 28.499 12.9711 42.2331 0.538733 0.5 12 17
73501 22563 38.2679 9.6599 31.4687 0.533038 0.5 12 17
73460 22563 32.831 11.2596 36.6595 0.543513 0.5 12 17
72803 22563 32.4904 11.3776 36.7125 0.523584 0.5 12 17
73280 22563 35.9057 10.2954 33.4381 0.538556 0.5 12 17
73271 22563 30.5267 12.1095 39.3253 0.539067 0.5 12 17
74163 22563 47.3357 7.80941 25.6696 0.534707 0.5 12 17
74162 22563 35.3517 10.4567 34.3709 0.538253 0.5 12 17
73131 22563 35.7811 10.3313 33.4864 0.5324 0.5 12 17
73432 22563 32.6379 11.3262 36.8624 0.551246 0.5 12 17
73163 22563 38.4504 9.61405 31.1753 0.535087 0.5 12 17
73536 22563 36.6503 10.0862 32.8733 0.534834 0.5 12 17
73354 22563 30.142 12.2641 39.8724 0.536097 0.5 12 17
73807 22563 39.1457 9.44328 30.8911 0.543247 0.5 12 17
73458 22563 36.3841 10.16 33.0786 0.534212 0.5 12 17
72867 22563 31.2289 11.8372 38.2291 0.521788 0.5 12 17
72692 22563 31.7044 11.6597 37.5654 0.533792 0.5 12 17
73430 22563 27.8364 13.2799 43.2196 0.526712 0.5 12 17
73358 22563 35.5859 10.3879 33.7746 0.533171 0.5 12 17
73559 22563 31.9239 11.5795 37.752 0.540199 0.5 12 17
73970 22563 46.8706 7.8869 25.8568 0.533425 0.5 12 17
73368 22563 28.7472 12.8591 41.8149 0.542344 0.5 12 17
73143 22563 32.6602 11.3185 36.6922 0.531893 0.5 12 17
73059 22563 30.8578 11.9796 38.7907 0.531029 0.5 12 17
73802 22563 32.5226 11.3663 37.1794 0.533503 0.5 12 17
74069 22563 30.6532 12.0595 39.5895 0.53426 0.5 12 17
73403 22563 34.1092 10.8376 35.2583 0.548289 0.5 12 17
72754 22563 33.3257 11.0925 35.7683 0.533943 0.5 12 17
73016 22563 32.2878 11.449 37.051 0.538675 0.5 12 17
73287 22563 42.4296 8.7124 28.2994 0.531171 0.5 12 17
73599 22563 31.5957 11.6998 38.1648 0.54329 0.5 12 17
93934 22563 42.1434 8.77157 36.5185 0.642491 0.6 12 17
94236 22563 43.773 8.44501 35.272 0.644881 0.6 12 17
93751 22563 38.933 9.49487 39.4528 0.632832 0.6 12 17
93910 22563 43.5461 8.48901 35.3331 0.628739 0.6 12 17
93906 22563 37.1356 9.95444 41.4308 0.637701 0.6 12 17
93633 22563 39.0174 9.47433 39.3179 0.636325 0.6 12 17
94018 22563 37.136 9.95431 41.4797 0.648212 0.6 12 17
93222 22563 40.0188 9.23726 38.1658 0.638649 0.6 12 17
93956 22563 43.4748 8.50295 35.4085 0.641644 0.6 12 17
93869 22563 36.6082 10.0978 42.011 0.635838 0.6 12 17
94000 22563 41.1416 8.98515 37.434 0.634644 0.6 12 17
92783 22563 35.9336 10.2874 42.3046 0.638829 0.6 12 17
93341 22563 33.5404 11.0214 45.5957 0.638493 0.6 12 17
93307 22563 43.6349 8.47174 35.0348 0.63836 0.6 12 17
93683 22563 35.8152 10.3214 42.8562 0.647871 0.6 12 17
93304 22563 39.4638 9.36716 38.7366 0.648806 0.6 12 17
93441 22563 38.3097 9.64936 39.9622 0.639208 0.6 12 17
93656 22563 47.2787 7.81882 32.4556 0.6423 0.6 12 17
93491 22563 35.3711 10.451 43.3053 0.637436 0.6 12 17
92363 22563 41.5504 8.89674 36.4202 0.63535 0.6 12 17
93162 22563 38.5703 9.58416 39.5737 0.638448 0.6 12 17
93351 22563 45.2415 8.17089 33.8066 0.637725 0.6 12 17
93545 22563 29.929 12.3513 51.2092 0.64135 0.6 12 17
93082 22563 33.7645 10.9483 45.1674 0.642357 0.6 12 17
94004 22563 37.6612 9.81549 40.8951 0.646432 0.6 12 17
93476 22563 33.9861 10.8769 45.0628 0.632071 0.6 12 17
93704 22563 43.3429 8.52881 35.4209 0.642991 0.6 12 17
94108 22563 40.6837 9.08629 37.8989 0.646259 0.6 12 17
93307 22563 33.877 10.9119 45.1263 0.638853 0.6 12 17
93760 22563 41.0903 8.99637 37.3851 0.638017 0.6 12 17
93177 22563 45.4438 8.13453 33.5934 0.633484 0.6 12 17
93513 22563 46.2721 7.98892 33.1111 0.643747 0.6 12 17
94200 22563 41.2186 8.96837 37.4436 0.637716 0.6 12 17
93838 22563 38.4245 9.62052 40.012 0.635877 0.6 12 17
92778 22563 41.8267 8.83798 36.3422 0.637312 0.6 12 17
92087 22563 36.6021 10.0995 41.2205 0.635019 0.6 12 17
92415 22563 40.4149 9.14672 37.4646 0.634117 0.6 12 17
92728 22563 40.867 9.04553 37.1756 0.635792 0.6 12 17
93140 22563 36.9289 10.0102 41.3228 0.634108 0.6 12 17
92760 22563 33.6509 10.9853 45.1632 0.632923 0.6 12 17
93021 22563 46.0003 8.03612 33.1315 0.636496 0.6 12 17
94163 22563 37.9696 9.73577 40.6316 0.641864 0.6 12 17
93524 22563 44.3096 8.34275 34.5816 0.631719 0.6 12 17
93536 22563 54.3753 6.79837 28.1836 0.640941 0.6 12 17
93752 22563 40.1855 9.19894 38.2236 0.632638 0.6 12 17
93477 22563 44.5158 8.30411 34.4041 0.635013 0.6 12 17
93104 22563 36.1717 10.2197 42.1716 0.641576 0.6 12 17
93672 22563 35.4738 10.4208 43.2636 0.636573 0.6 12 17
94116 22563 40.0866 9.22163 38.4666 0.637533 0.6 12 17
92985 22563 39.0762 9.46008 38.9871 0.631014 0.6 12 17
93561 22563 44.5184 8.30361 34.433 0.63656 0.6 12 17
93822 22563 37.374 9.89094 41.1297 0.643323 0.6 12 17
93240 22563 35.9847 10.2728 42.4526 0.633061 0.6 12 17
93715 22563 40.2699 9.17966 38.1284 0.643289 0.6 12 17
94034 22563 39.7996 9.28812 38.7102 0.639794 0.6 12 17
92379 22563 36.7119 10.0693 41.2275 0.633504 0.6 12 17
93496 22563 36.1731 10.2193 42.3475 0.634897 0.6 12 17
92961 22563 36.8097 10.0426 41.377 0.639955 0.6 12 17
92546 22563 37.9955 9.72914 39.9067 0.634552 0.6 12 17
93189 22563 39.8088 9.28598 38.3536 0.647933 0.6 12 17
93017 22563 38.5446 9.59055 39.5384 0.631597 0.6 12 17
92803 22563 43.5339 8.49139 34.9264 0.630466 0.6 12 17
93312 22563 40.7522 9.071 37.5151 0.636848 0.6 12 17
92289 22563 41.1262 8.98852 36.7664 0.640655 0.6 12 17
92916 22563 41.4849 8.91081 36.6962 0.624132 0.6 12 17
92948 22563 38.6335 9.56847 39.4181 0.637112 0.6 12 17
93666 22563 43.3151 8.53429 35.4293 0.634093 0.6 12 17
93538 22563 48.7572 7.58173 31.4318 0.636554 0.6 12 17
94074 22563 36.8087 10.0428 41.8735 0.640554 0.6 12 17
92876 22563 41.3808 8.93322 36.7726 0.638302 0.6 12 17
93095 22563 41.7825 8.84733 36.505 0.641635 0.6 12 17
92724 22563 35.5135 10.4091 42.7779 0.630996 0.6 12 17
93231 22563 39.4507 9.37026 38.7191 0.641392 0.6 12 17
92867 22563 37.8949 9.75497 40.1514 0.635761 0.6 12 17
93786 22563 39.4873 9.36158 38.9135 0.639915 0.6 12 17
94140 22563 39.794 9.28944 38.7594 0.64734 0.6 12 17
93992 22563 45.4896 8.12634 33.8532 0.642947 0.6 12 17
92706 22563 46.3826 7.96988 32.7471 0.635422 0.6 12 17
93644 22563 36.4326 10.1465 42.1124 0.647038 0.6 12 17
93922 22563 39.0684 9.46197 39.3878 0.63135 0.6 12 17
94124 22563 40.2953 9.17385 38.2706 0.639112 0.6 12 17
93423 22563 51.0954 7.23478 29.9566 0.642485 0.6 12 17
93724 22563 42.0683 8.78723 36.5019 0.634044 0.6 12 17
93236 22563 32.8018 11.2696 46.5699 0.643948 0.6 12 17
93601 22563 37.6334 9.82275 40.7499 0.640539 0.6 12 17
93450 22563 34.4408 10.7333 44.4556 0.635875 0.6 12 17
93313 22563 32.509 11.3711 47.0282 0.638042 0.6 12 17
93491 22563 41.6784 8.86944 36.7518 0.640139 0.6 12 17
93221 22563 32.1498 11.4982 47.5067 0.636727 0.6 12 17
92923 22563 33.672 10.9784 45.2142 0.641056 0.6 12 17
93402 22563 35.0635 10.5427 43.6437 0.635163 0.6 12 17
94123 22563 40.8706 9.04474 37.7316 0.6424 0.6 12 17
94080 22563 47.5382 7.77614 32.4246 0.634979 0.6 12 17
92525 22563 36.7641 10.055 41.234 0.636319 0.6 12 17
93100 22563 38.9695 9.48597 39.1421 0.638922 0.6 12 17
93605 22563 39.7336 9.30354 38.5976 0.636217 0.6 12 17
93247 22563 37.0879 9.96724 41.193 0.641748 0.6 12 17
93081 22563 42.0228 8.79673 36.2907 0.646423 0.6 12 17
92882 22563 40.6975 9.08321 37.3925 0.635571 0.6 12 17
93664 22563 35.6799 10.3606 43.01 0.645094 0.6 12 17
129866 22563 59.2668 6.23728 35.9008 0.738448 0.7 12 17
127819 22563 49.9263 7.40418 41.9455 0.73715 0.7 12 17
128337 22563 41.3333 8.94348 50.8711 0.743576 0.7 12 17
128239 22563 46.4829 7.95268 45.2009 0.740491 0.7 12 17
128983 22563 48.2935 7.65452 43.7586 0.748274 0.7 12 17
127996 22563 48.6878 7.59254 43.0721 0.742635 0.7 12 17
127732 22563 53.3226 6.93259 39.2472 0.742273 0.7 12 17
129726 22563 48.9293 7.55506 43.4388 0.74129 0.7 12 17
127742 22563 57.0389 6.48091 36.693 0.739089 0.7 12 17
127895 22563 60.6653 6.09349 34.5409 0.731043 0.7 12 17
127901 22563 43.6234 8.47399 48.0369 0.738085 0.7 12 17
127894 22563 63.6152 5.81094 32.9389 0.737999 0.7 12 17
129106 22563 47.5633 7.77204 44.4728 0.741359 0.7 12 17
129580 22563 60.5557 6.10452 35.0592 0.741119 0.7 12 17
129296 22563 50.3783 7.33776 42.0496 0.74194 0.7 12 17
128443 22563 49.7868 7.42494 42.2685 0.742995 0.7 12 17
127616 22563 50.0575 7.38478 41.7691 0.73811 0.7 12 17
128610 22563 46.1799 8.00486 45.6291 0.736331 0.7 12 17
127828 22563 59.4144 6.22178 35.2496 0.738048 0.7 12 17
130503 22563 52.4074 7.05365 40.7988 0.736295 0.7 12 17
127757 22563 58.8897 6.27722 35.5439 0.736514 0.7 12 17
129540 22563 54.637 6.76582 38.8452 0.746114 0.7 12 17
128590 22563 47.9935 7.70237 43.898 0.742896 0.7 12 17
127878 22563 47.2662 7.8209 44.3267 0.730468 0.7 12 17
130079 22563 49.1984 7.51373 43.3187 0.737305 0.7 12 17
129745 22563 45.5521 8.11518 46.6662 0.737398 0.7 12 17
129050 22563 47.4361 7.79287 44.5727 0.741291 0.7 12 17
129013 22563 57.8248 6.39282 36.5544 0.734967 0.7 12 17
129965 22563 63.566 5.81543 33.4982 0.737991 0.7 12 17
129314 22563 55.518 6.65845 38.1621 0.7399 0.7 12 17
126435 22563 50.9032 7.26209 40.6951 0.73478 0.7 12 17
129282 22563 61.8725 5.9746 34.2342 0.739363 0.7 12 17
129236 22563 46.3003 7.98404 45.7319 0.737795 0.7 12 17
127700 22563 43.7401 8.45136 47.8333 0.738652 0.7 12 17
127200 22563 49.9869 7.39522 41.6918 0.739756 0.7 12 17
128529 22563 56.1495 6.58356 37.5038 0.736053 0.7 12 17
128882 22563 63.6532 5.80747 33.1736 0.736906 0.7 12 17
129120 22563 54.0936 6.83377 39.1082 0.731719 0.7 12 17
128731 22563 49.1889 7.51518 42.8781 0.738534 0.7 12 17
129212 22563 45.478 8.1284 46.5501 0.737922 0.7 12 17
128734 22563 62.7266 5.89325 33.6249 0.738348 0.7 12 17
128685 22563 60.0106 6.15997 35.1334 0.733572 0.7 12 17
128249 22563 47.4457 7.79129 44.2871 0.739126 0.7 12 17
127904 22563 58.8909 6.27709 35.5841 0.738301 0.7 12 17
130028 22563 50.9403 7.25681 41.8211 0.737508 0.7 12 17
129052 22563 64.1359 5.76376 32.9673 0.734656 0.7 12 17
127716 22563 43.667 8.46551 47.9194 0.736987 0.7 12 17
128374 22563 52.9645 6.97946 39.7111 0.742196 0.7 12 17
127627 22563 50.7016 7.29096 41.2421 0.736505 0.7 12 17
127065 22563 45.1281 8.19143 46.1316 0.733145 0.7 12 17
129187 22563 42.8991 8.61705 49.339 0.734898 0.7 12 17
129409 22563 46.3338 7.97828 45.7601 0.735398 0.7 12 17
128100 22563 41.4984 8.90791 50.5752 0.736739 0.7 12 17
128689 22563 60.3326 6.12709 34.9469 0.737912 0.7 12 17
129112 22563 54.5965 6.77083 38.7456 0.74219 0.7 12 17
127166 22563 72.0165 5.13304 28.9307 0.743983 0.7 12 17
127686 22563 51.727 7.14644 40.4432 0.740785 0.7 12 17
129101 22563 52.9831 6.97701 39.922 0.735936 0.7 12 17
128429 22563 48.5142 7.6197 43.3725 0.736534 0.7 12 17
128459 22563 57.2495 6.45707 36.7632 0.738179 0.7 12 17
128579 22563 56.5213 6.54026 37.2716 0.738742 0.7 12 17
129285 22563 46.0508 8.02731 45.9972 0.736424 0.7 12 17
130609 22563 52.6026 7.02747 40.6804 0.738783 0.7 12 17
128382 22563 52.905 6.98731 39.7583 0.737999 0.7 12 17
129278 22563 55.5266 6.65742 38.1455 0.737363 0.7 12 17
128077 22563 53.6891 6.88526 39.0845 0.742652 0.7 12 17
127112 22563 66.6969 5.54244 31.2249 0.73961 0.7 12 17
128230 22563 60.6177 6.09828 34.6585 0.73637 0.7 12 17
128297 22563 51.3161 7.20366 40.9622 0.743663 0.7 12 17
127615 22563 62.2981 5.93378 33.5619 0.73602 0.7 12 17
127690 22563 48.1837 7.67196 43.4187 0.73309 0.7 12 17
129032 22563 53.4225 6.91963 39.5725 0.738715 0.7 12 17
128263 22563 49.6569 7.44435 42.3196 0.732238 0.7 12 17
128142 22563 46.9168 7.87913 44.7489 0.739496 0.7 12 17
128289 22563 58.5082 6.31815 35.9247 0.74519 0.7 12 17
127541 22563 50.0605 7.38434 41.7422 0.734442 0.7 12 17
127228 22563 47.1868 7.83405 44.1756 0.735931 0.7 12 17
130197 22563 62.9558 5.87179 33.8832 0.741137 0.7 12 17
127601 22563 46.8427 7.8916 44.6306 0.73558 0.7 12 17
128054 22563 45.1266 8.19171 46.4923 0.737369 0.7 12 17
130222 22563 78.5826 4.70414 27.1505 0.73816 0.7 12 17
127191 22563 64.0602 5.77057 32.5303 0.739668 0.7 12 17
127057 22563 47.8877 7.71939 43.4705 0.739988 0.7 12 17
127883 22563 62.9381 5.87345 33.2904 0.736992 0.7 12 17
128890 22563 46.8367 7.8926 45.0871 0.745698 0.7 12 17
128019 22563 51.9427 7.11675 40.3803 0.7462 0.7 12 17
128540 22563 42.2765 8.74395 49.8149 0.736712 0.7 12 17
129839 22563 55.3581 6.67769 38.4277 0.745784 0.7 12 17
129569 22563 42.9119 8.61447 49.4701 0.739477 0.7 12 17
128239 22563 44.4746 8.31179 47.242 0.73761 0.7 12 17
128817 22563 39.217 9.4261 53.8168 0.733605 0.7 12 17
127586 22563 48.8404 7.56881 42.8 0.734249 0.7 12 17
126967 22563 53.9789 6.84831 38.5378 0.73562 0.7 12 17
129318 22563 40.9149 9.03495 51.7843 0.739317 0.7 12 17
127631 22563 52.0352 7.10411 40.1864 0.742188 0.7 12 17
128771 22563 47.4868 7.78455 44.4288 0.739531 0.7 12 17
127661 22563 53.2015 6.94837 39.3146 0.741269 0.7 12 17
128564 22563 41.3693 8.9357 50.9168 0.742007 0.7 12 17
129132 22563 59.0521 6.25996 35.8277 0.739634 0.7 12 17
128903 22563 49.5462 7.46099 42.6258 0.739714 0.7 12 17
199595 22563 68.5831 5.39001 47.6818 0.840293 0.8 12 17
202601 22563 72.8797 5.07224 45.5465 0.83824 0.8 12 17
204218 22563 90.665 4.07725 36.9041 0.846531 0.8 12 17
206180 22563 58.8068 6.28607 57.4433 0.837624 0.8 12 17
207135 22563 97.7803 3.78055 34.7074 0.841823 0.8 12 17
200052 22563 69.2019 5.34181 47.3636 0.83968 0.8 12 17
203549 22563 74.0691 4.99079 45.0248 0.840018 0.8 12 17
207896 22563 68.1676 5.42287 49.9676 0.83852 0.8 12 17
202267 22563 76.2224 4.8498 43.4773 0.845145 0.8 12 17
203930 22563 64.5595 5.72594 51.7536 0.843347 0.8 12 17
206715 22563 82.5195 4.47971 41.0426 0.844677 0.8 12 17
206238 22563 87.6605 4.21699 38.5465 0.840062 0.8 12 17
207084 22563 85.2794 4.33474 39.7853 0.837317 0.8 12 17
205013 22563 74.5077 4.96141 45.0817 0.833716 0.8 12 17
204405 22563 72.6668 5.08711 46.0867 0.840031 0.8 12 17
204604 22563 74.3327 4.9731 45.0977 0.839615 0.8 12 17
204674 22563 59.1503 6.24957 56.6925 0.83974 0.8 12 17
204331 22563 94.8636 3.89679 35.2903 0.832257 0.8 12 17
204806 22563 88.8076 4.16252 37.7844 0.831935 0.8 12 17
203114 22563 94.9245 3.89429 35.0575 0.845541 0.8 12 17
207517 22563 132.282 2.79452 25.7024 0.834904 0.8 12 17
199422 22563 71.0107 5.20574 46.0118 0.837022 0.8 12 17
208799 22563 70.6602 5.23157 48.4143 0.848872 0.8 12 17
203707 22563 98.1893 3.76481 33.9908 0.834035 0.8 12 17
201962 22563 81.4073 4.54091 40.6468 0.837574 0.8 12 17
201303 22563 71.8842 5.14249 45.8814 0.839015 0.8 12 17
205257 22563 89.6587 4.12301 37.5081 0.840358 0.8 12 17
201717 22563 76.2062 4.85083 43.3683 0.835195 0.8 12 17
199965 22563 74.9696 4.93085 43.7007 0.838204 0.8 12 17
204396 22563 78.6194 4.70194 42.5954 0.845851 0.8 12 17
207441 22563 87.6955 4.21531 38.7559 0.840542 0.8 12 17
199696 22563 69.0531 5.35332 47.3812 0.840504 0.8 12 17
205220 22563 82.1727 4.49862 40.9178 0.839979 0.8 12 17
204767 22563 66.9726 5.51963 50.0937 0.843003 0.8 12 17
205283 22563 76.2935 4.84528 44.0845 0.837512 0.8 12 17
208023 22563 97.6627 3.78511 34.8982 0.843174 0.8 12 17
205369 22563 83.2333 4.44129 40.4257 0.840634 0.8 12 17
204276 22563 77.1632 4.79067 43.3738 0.839436 0.8 12 17
201213 22563 65.9593 5.60442 49.9804 0.839996 0.8 12 17
209736 22563 66.333 5.57285 51.804 0.845401 0.8 12 17
203514 22563 77.825 4.74994 42.8445 0.839347 0.8 12 17
210700 22563 83.0218 4.45261 41.5808 0.839555 0.8 12 17
200532 22563 69.4411 5.32342 47.3137 0.83991 0.8 12 17
208033 22563 88.9547 4.15564 38.3163 0.852594 0.8 12 17
206770 22563 81.232 4.55071 41.7042 0.841129 0.8 12 17
200699 22563 63.993 5.77663 51.3846 0.84049 0.8 12 17
207755 22563 100.657 3.6725 33.8164 0.839315 0.8 12 17
202977 22563 78.5548 4.7058 42.3344 0.845631 0.8 12 17
204937 22563 73.9247 5.00054 45.4204 0.835439 0.8 12 17
202338 22563 78.5697 4.70491 42.1932 0.841448 0.8 12 17
208934 22563 81.7566 4.52151 41.8703 0.84358 0.8 12 17
203784 22563 74.8517 4.93861 44.6055 0.839487 0.8 12 17
202119 22563 75.1605 4.91833 44.0593 0.83551 0.8 12 17
206342 22563 70.8123 5.22033 47.7418 0.839356 0.8 12 17
205601 22563 77.6896 4.75821 43.3593 0.836425 0.8 12 17
206368 22563 72.0446 5.13104 46.9311 0.842299 0.8 12 17
204760 22563 81.2684 4.54867 41.2803 0.835048 0.8 12 17
204248 22563 91.1034 4.05763 36.7319 0.838121 0.8 12 17
207910 22563 79.411 4.65507 42.8958 0.841739 0.8 12 17
204937 22563 88.9904 4.15397 37.7309 0.842162 0.8 12 17
206887 22563 81.7098 4.52411 41.4839 0.84138 0.8 12 17
206194 22563 91.0467 4.06015 37.1049 0.840579 0.8 12 17
204053 22563 63.3549 5.83481 52.7695 0.841006 0.8 12 17
209000 22563 85.6411 4.31643 39.9838 0.84414 0.8 12 17
207927 22563 75.54 4.89362 45.0977 0.843237 0.8 12 17
206110 22563 78.6838 4.69809 42.9174 0.837209 0.8 12 17
205954 22563 76.6884 4.82034 44.0008 0.837197 0.8 12 17
201680 22563 110.008 3.36033 30.0371 0.836387 0.8 12 17
203240 22563 98.9582 3.73555 33.6494 0.838475 0.8 12 17
205605 22563 74.0845 4.98975 45.4701 0.837798 0.8 12 17
208834 22563 73.8218 5.00752 46.3486 0.841729 0.8 12 17
207835 22563 82.0955 4.50285 41.4781 0.836278 0.8 12 17
209131 22563 94.746 3.90163 36.1641 0.840186 0.8 12 17
202005 22563 74.2572 4.97816 44.5701 0.837807 0.8 12 17
205604 22563 62.0932 5.95337 54.251 0.840442 0.8 12 17
211087 22563 200.259 1.84593 17.2699 0.848076 0.8 12 17
202799 22563 107.033 3.45375 31.0434 0.839456 0.8 12 17
208410 22563 83.6282 4.42032 40.8306 0.845781 0.8 12 17
211292 22563 73.1432 5.05397 47.3292 0.845382 0.8 12 17
200314 22563 98.5812 3.74984 33.2918 0.831219 0.8 12 17
205234 22563 67.5453 5.47282 49.7822 0.835674 0.8 12 17
207215 22563 71.7472 5.15231 47.3191 0.841163 0.8 12 17
206738 22563 177.077 2.08759 19.1284 0.841265 0.8 12 17
209198 22563 63.4046 5.83024 54.0576 0.838954 0.8 12 17
199380 22563 70.8974 5.21406 46.0756 0.836097 0.8 12 17
206387 22563 74.2844 4.97633 45.5202 0.844023 0.8 12 17
205318 22563 74.8296 4.94007 44.9545 0.838249 0.8 12 17
206787 22563 77.6631 4.75984 43.6243 0.840687 0.8 12 17
205489 22563 81.0167 4.56281 41.556 0.838653 0.8 12 17
207458 22563 93.3533 3.95984 36.41 0.845838 0.8 12 17
203535 22563 74.7913 4.9426 44.5869 0.839496 0.8 12 17
204235 22563 78.2655 4.7232 42.7543 0.843131 0.8 12 17
206573 22563 77.3714 4.77778 43.7435 0.838291 0.8 12 17
206785 22563 89.6276 4.12444 37.8005 0.836622 0.8 12 17
206324 22563 78.8768 4.68659 42.8568 0.838672 0.8 12 17
201592 22563 97.8423 3.77816 33.7572 0.835392 0.8 12 17
202813 22563 81.7669 4.52095 40.6386 0.835757 0.8 12 17
201357 22563 94.3159 3.91942 34.9785 0.837941 0.8 12 17
204062 22563 83.1791 4.44419 40.1946 0.838981 0.8 12 17
204417 22563 107.797 3.42926 31.0693 0.838853 0.8 12 17
