sent	infile	time	goodput	throughput	PER_estimate	PER	K_TB_SIZE	N_TB_SIZE
48973 31499 76.6274 4.82417 7.50054 0.0538279 0 2500 3500
47559 31499 64.1963 5.75833 8.69446 0.0352266 0 2500 3500
47689 31499 64.6504 5.71789 8.657 0.0331571 0 2500 3500
47930 31499 65.0688 5.68112 8.64479 0.0308314 0 2500 3500
57795 31499 79.3903 4.65628 8.54364 0.0974476 0 2500 3500
46788 31499 66.6725 5.54447 8.23584 0.0216806 0 2500 3500
57345 31499 91.0968 4.05792 7.38776 0.227178 0 2500 3500
48219 31499 67.92 5.44263 8.33183 0.0485468 0 2500 3500
47750 31499 66.008 5.60029 8.48979 0.0334161 0 2500 3500
45549 31499 63.586 5.8136 8.40693 0.000366575 0 2500 3500
45553 31499 63.4698 5.82425 8.42306 0.000845104 0 2500 3500
45511 31499 63.9397 5.78145 8.35345 9.33536e-05 0 2500 3500
45515 31499 64.2854 5.75035 8.30925 0.00020135 0 2500 3500
45534 31499 64.6706 5.7161 8.26321 0.000280098 0 2500 3500
45588 31499 65.3283 5.65856 8.18973 0.00213235 0 2500 3500
45786 31499 67.731 5.45782 7.93351 0.00615771 0 2500 3500
45518 31499 66.0552 5.59628 8.08716 0.000181229 0 2500 3500
46093 31499 67.6939 5.46081 7.99108 0.0121232 0 2500 3500
45706 31499 66.98 5.51902 8.00845 0.00463763 0 2500 3500
48816 31499 75.4893 4.8969 7.58922 0.074891 0 2500 3500
51397 31499 73.0361 5.06139 8.25887 0.075043 0 2500 3500
53904 31499 78.9617 4.68156 8.0117 0.0911012 0 2500 3500
48705 31499 71.6413 5.15992 7.97866 0.0479637 0 2500 3500
47926 31499 67.9622 5.43925 8.27607 0.0385314 0 2500 3500
57991 31499 85.5674 4.32015 7.95376 0.21691 0 2500 3500
67467 31499 91.4717 4.04129 8.65615 0.0997456 0 2500 4000
64882 31499 89.9872 4.10796 8.46182 0.159959 0 2500 4000
54731 31499 91.8062 4.02657 6.99651 0.0317113 0 2500 4000
54982 31499 75.5812 4.89095 8.53742 0.0392654 0 2500 4000
53928 31499 75.663 4.88566 8.3647 0.0325393 0 2500 4000
52464 31499 75.1498 4.91902 8.1932 0.00356238 0 2500 4000
52144 31499 73.3615 5.03893 8.34173 0.00200976 0 2500 4000
52048 31499 75.978 4.86541 8.03964 0.000721007 0 2500 4000
52671 31499 77.5467 4.76698 7.97128 0.010214 0 2500 4000
52186 31499 74.6338 4.95303 8.20613 0.00364558 0 2500 4000
52470 31499 76.2367 4.84889 8.07731 0.00936528 0 2500 4000
40623 31499 65.8613 5.61276 7.23872 0.00226685 0 3500 4500
40699 31499 60.406 6.11965 7.90722 0.00142098 0 3500 4500
40536 31499 60.5946 6.1006 7.85104 0.000236809 0 3500 4500
40518 31499 60.5339 6.10672 7.85542 0.000221178 0 3500 4500
43274 31499 60.0638 6.15451 8.4554 0.0403383 0 3500 4500
42758 31499 60.7922 6.08078 8.25448 0.0333258 0 3500 4500
40546 31499 56.0277 6.59787 8.49308 0.00117848 0 3500 4500
40602 31499 57.611 6.41655 8.27108 0.00103728 0 3500 4500
40883 31499 57.9503 6.37898 8.27957 0.00972794 0 3500 4500
43287 31499 60.1448 6.14622 8.44655 0.039963 0 3500 4500
44668 31499 61.9967 5.96264 8.45567 0.0558672 0 3500 4500
49121 31499 64.6286 5.71981 8.91995 0.050273 0 3500 5000
45496 31499 63.5563 5.81632 8.40108 0.00421948 0 3500 5000
45789 31499 86.9749 4.25023 6.17856 0.0178287 0 3500 5000
45687 31499 62.8872 5.8782 8.5261 0.0106098 0 3500 5000
45953 31499 64.2587 5.75274 8.39271 0.00958948 0 3500 5000
45552 31499 62.5992 5.90525 8.54002 0.0063831 0 3500 5000
48302 31499 63.4892 5.82246 8.92863 0.0429225 0 3500 5000
48125 31499 63.4977 5.82169 8.89474 0.0391329 0 3500 5000
48700 31499 64.4196 5.73838 8.8722 0.0472517 0 3500 5000
47656 31499 62.9167 5.87545 8.88938 0.0418017 0 3500 5000
48810 31499 65.8683 5.61217 8.69666 0.0322797 0 3500 5000
38822 31499 58.705 6.29697 7.76109 0.00428792 0 4500 5500
38775 31499 61.1159 6.04857 7.44591 0.00589157 0 4500 5500
38995 31499 58.1538 6.35666 7.86957 0.00679207 0 4500 5500
39209 31499 60.1129 6.14949 7.65488 0.0107986 0 4500 5500
38914 31499 59.8356 6.17799 7.63249 0.00656972 0 4500 5500
40878 31499 58.8907 6.27712 8.14636 0.0265281 0 4500 5500
39772 31499 61.0045 6.05961 7.6513 0.0202506 0 4500 5500
39742 31499 59.8805 6.17336 7.78905 0.0226367 0 4500 5500
38786 31499 58.0301 6.37021 7.84408 0.00352123 0 4500 5500
38862 31499 59.2292 6.24124 7.70033 0.00528354 0 4500 5500
42000 31499 57.2353 6.45867 8.61203 -0.00563897 0 4500 6000
42438 31499 58.6949 6.29806 8.48545 0.00582452 0 4500 6000
42350 31499 58.8052 6.28624 8.45197 0.00359863 0 4500 6000
42230 31499 58.5029 6.31872 8.47157 0.00222506 0 4500 6000
42198 31499 57.6598 6.41112 8.58893 0.00314985 0 4500 6000
42171 31499 57.6421 6.41308 8.58606 0.00287428 0 4500 6000
42290 31499 57.3506 6.44568 8.65406 0.00312009 0 4500 6000
47858 31499 63.0942 5.85891 8.90195 0.02612 0 4500 6000
42083 31499 57.0934 6.47472 8.65049 0.000432299 0 4500 6000
42137 31499 57.1386 6.46959 8.65474 0.00193055 0 4500 6000
42215 31499 58.1893 6.35277 8.51419 0.00144819 0 4500 6000
end of operations
80689 31499 110.757 3.33762 8.54997 0.328171 0 2500 3500
42001 31499 59.067 6.25838 8.34516 0.0434797 0 4500 5500
38500 31499 44.9985 8.21503 10.0411 -0.0114317 0 4500 5500
38663 31499 57.2039 6.46221 7.93214 0.000450757 0 4500 5500
38509 31499 57.9016 6.38435 7.80534 5.13617e-05 0 4500 5500
38572 31499 58.0815 6.36457 7.7939 0.00141278 0 4500 5500
38592 31499 56.7963 6.50859 7.97439 0.00164731 0 4500 5500
38544 31499 56.7497 6.51393 7.97101 0.00013265 0 4500 5500
38503 31499 56.2108 6.57639 8.03887 4.9899e-05 0 4500 5500
38533 31499 57.8972 6.38483 7.8108 8.56409e-05 0 4500 5500
38500 31499 55.2366 6.69236 8.18 0 0 4500 5500
42000 31499 55.7346 6.63257 8.84391 -0.00584678 0 4500 6000
42000 31499 58.9887 6.26669 8.35605 -0.00584678 0 4500 6000
42000 31499 56.6618 6.52404 8.6992 -0.00583899 0 4500 6000
42040 31499 57.4294 6.43683 8.59109 0.000424191 0 4500 6000
42000 31499 56.3707 6.55773 8.74412 0 0 4500 6000
42160 31499 58.2752 6.34341 8.49057 0.0029252 0 4500 6000
43608 31499 57.9032 6.38417 8.83861 0.0147809 0 4500 6000
42071 31499 58.169 6.35499 8.48812 0.0010741 0 4500 6000
42000 31499 57.6243 6.41507 8.5539 0 0 4500 6000
42103 31499 60.7179 6.08821 8.13797 0.000877045 0 4500 6000
42142 31499 57.2409 6.45804 8.64031 0.00187723 0 4500 6000
end of operations
78001 31499 111.23 3.32343 8.23001 0.310761 0 2500 3500
42000 31499 59.0518 6.25999 8.34711 0.0434753 0 4500 5500
42058 31499 58.5164 6.31727 8.43512 0.0444793 0 4500 5500
42001 31499 58.7088 6.29656 8.39608 0.0434822 0 4500 5500
38500 31499 44.9267 8.22815 10.0572 -0.010691 0 4500 5500
38504 31499 57.3831 6.44203 7.87484 3.69836e-05 0 4500 5500
38503 31499 57.5241 6.42624 7.85534 3.16594e-05 0 4500 5500
38580 31499 57.3399 6.44688 7.89633 0.00141584 0 4500 5500
38500 31499 56.4811 6.54491 7.99978 0 0 4500 5500
38500 31499 56.7634 6.51236 7.95998 0 0 4500 5500
38534 31499 57.7187 6.40457 7.83516 0.000396531 0 4500 5500
42000 31499 57.6706 6.40992 8.54703 -0.00584678 0 4500 6000
42000 31499 57.0492 6.47973 8.64012 -0.00583216 0 4500 6000
42000 31499 57.0377 6.48104 8.64186 -0.00584678 0 4500 6000
42000 31499 57.2018 6.46245 8.61708 -0.00584678 0 4500 6000
42000 31499 56.2347 6.57359 8.76527 -0.00584678 0 4500 6000
42050 31499 56.9384 6.49235 8.66724 0.000704138 0 4500 6000
42000 31499 56.4134 6.55276 8.73749 0 0 4500 6000
42035 31499 59.1998 6.24434 8.33318 0.000225825 0 4500 6000
42000 31499 56.9571 6.49021 8.65409 0 0 4500 6000
47800 31499 63.2306 5.84628 8.87198 0.0501402 0 4500 6000
42001 31499 56.8972 6.49705 8.66341 2.80391e-05 0 4500 6000
end of operations
78031 31499 108.319 3.41274 8.45442 0.310937 0 2500 3500
42000 31499 58.5211 6.31676 8.42281 0.0434753 0 4500 5500
42044 31499 59.0586 6.25927 8.3549 0.0435712 0 4500 5500
42001 31499 58.6798 6.29968 8.40023 0.043501 0 4500 5500
42000 31499 58.6989 6.29763 8.3973 0.0434753 0 4500 5500
42114 31499 59.892 6.17217 8.25235 0.0439888 0 4500 5500
38500 31499 44.835 8.24498 10.0778 -0.0106973 0 4500 5500
38526 31499 57.616 6.41599 7.8475 0.000793411 0 4500 5500
38594 31499 58.0776 6.365 7.79886 0.00195727 0 4500 5500
38641 31499 59.2751 6.23641 7.65061 0.00267745 0 4500 5500
38500 31499 57.0276 6.48219 7.92311 0 0 4500 5500
42000 31499 56.1692 6.58125 8.77549 -0.00584678 0 4500 6000
42000 31499 57.188 6.464 8.61914 -0.00584678 0 4500 6000
42000 31499 55.9501 6.60703 8.80986 -0.00584678 0 4500 6000
42000 31499 55.6702 6.64024 8.85414 -0.00584678 0 4500 6000
42000 31499 59.8074 6.1809 8.24165 -0.00584678 0 4500 6000
42000 31499 55.751 6.63062 8.84131 -0.00584678 0 4500 6000
42045 31499 57.5733 6.42074 8.57064 0.000949411 0 4500 6000
42086 31499 57.2301 6.45925 8.63045 0.00180023 0 4500 6000
42138 31499 58.724 6.29494 8.42129 0.000683958 0 4500 6000
42003 31499 56.8771 6.49934 8.66688 1.298e-05 0 4500 6000
end of operations
80896 31499 111.148 3.32586 8.5417 0.340521 0 2500 3500
42000 31499 58.0388 6.36925 8.4928 0.0434753 0 4500 5500
42001 31499 58.3041 6.34027 8.45436 0.0434822 0 4500 5500
42001 31499 59.1114 6.25368 8.33889 0.0434928 0 4500 5500
42083 31499 58.889 6.2773 8.38673 0.044281 0 4500 5500
42000 31499 58.5244 6.3164 8.42234 0.0434753 0 4500 5500
42084 31499 59.1352 6.25116 8.35201 0.044108 0 4500 5500
42036 31499 59.2347 6.24066 8.32848 0.0443978 0 4500 5500
40421 31499 44.891 8.2347 10.5674 0.0203557 0 4500 5500
38506 31499 55.7122 6.63524 8.11145 4.96115e-05 0 4500 5500
38588 31499 58.8678 6.27955 7.69298 0.00257684 0 4500 5500
69478 31499 87.2855 4.23511 9.34168 0.278096 0 4500 6000
52768 31499 67.8939 5.44472 9.12136 0.166835 0 4500 6000
42577 31499 58.841 6.28241 8.4921 -0.000949301 0 4500 6000
42000 31499 56.7652 6.51216 8.68335 -0.00584678 0 4500 6000
42048 31499 57.6028 6.41746 8.56687 -0.00478497 0 4500 6000
93154 31499 115.747 3.19372 9.44522 0.302666 0 4500 6000
64963 31499 84.0461 4.39834 9.07128 0.256019 0 4500 6000
42000 31499 56.3502 6.56011 8.74729 -0.00500186 0 4500 6000
42000 31499 56.4642 6.54687 8.72964 -0.00584678 0 4500 6000
43193 31499 59.1109 6.25373 8.57563 0.00789249 0 4500 6000
end of operations
82954 31499 109.809 3.36642 8.86583 0.338566 0 2500 3500
45277 31499 57.99 6.37461 9.16315 0.0730975 0 4500 5500
49363 31499 61.437 6.01695 9.42956 0.128235 0 4500 5500
45339 31499 58.0489 6.36815 9.16639 0.0778516 0 4500 5500
45014 31499 57.8751 6.38727 9.12801 0.0754897 0 4500 5500
47606 31499 58.9783 6.26779 9.47304 0.0872743 0 4500 5500
46497 31499 59.0442 6.2608 9.24204 0.0821631 0 4500 5500
45980 31499 59.8003 6.18164 9.02372 0.0854995 0 4500 5500
45772 31499 58.9527 6.27051 9.11205 0.0824547 0 4500 5500
45827 31499 58.9629 6.26943 9.12142 0.0879835 0 4500 5500
