0.00386179 7.26466 33994 0 32082 1912 0 0
0.00388909 7.31604 34071 0 32116 1955 0 0
0.00393102 7.39497 34091 0 32102 1989 0 0
0.00394524 7.42176 34071 0 32100 1971 0 0
0.00387952 7.29803 34030 0 32086 1944 0 0
0.0038856 7.30946 34134 0 32127 2007 0 0
0.0038622 7.26548 34115 0 32111 2004 0 0
0.00385957 7.26045 34001 0 32060 1941 0 0
0.00386469 7.27013 33998 0 32080 1918 0 0
0.00386865 7.27754 34028 0 32075 1953 0 0
0.00691023 12.9989 38235 3791 32097 2347 0.09915 0.1
0.00664528 12.5005 38242 3848 32094 2300 0.100622 0.1
0.00675601 12.7088 38344 3772 32158 2414 0.0983726 0.1
0.0065667 12.3527 38461 3903 32118 2440 0.101479 0.1
0.00688964 12.9602 38205 3820 32077 2308 0.0999869 0.1
0.0070269 13.2184 38046 3772 32075 2199 0.0991431 0.1
0.00663168 12.4749 38481 3864 32112 2505 0.100413 0.1
0.00717204 13.4914 38048 3803 32054 2191 0.0999527 0.1
0.00697994 13.13 37862 3695 32060 2107 0.0975913 0.1
0.00672274 12.6462 38376 3917 32098 2361 0.102069 0.1
0.00908792 17.0951 43146 8491 32104 2551 0.196797 0.2
0.00899098 16.9128 43084 8593 32061 2430 0.199448 0.2
0.00951816 17.9045 43315 8715 32096 2504 0.201201 0.2
0.00999752 18.8061 43430 8895 32092 2443 0.204812 0.2
0.00891069 16.7618 43386 8748 32093 2545 0.201632 0.2
0.00906284 17.048 43196 8603 32104 2489 0.199162 0.2
0.00976195 18.363 43179 8727 32063 2389 0.202112 0.2
0.00978575 18.4078 43361 8814 32092 2455 0.20327 0.2
0.00918799 17.2835 43106 8556 32097 2453 0.198487 0.2
0.00985717 18.5422 43395 8626 32114 2655 0.198779 0.2
0.0107264 20.1772 50186 15059 32076 3051 0.300064 0.3
0.0109171 20.5359 50446 15115 32067 3264 0.299627 0.3
0.0129857 24.427 50335 15040 32102 3193 0.298798 0.3
0.0103337 19.4384 50849 15253 32106 3490 0.299967 0.3
0.0107548 20.2306 50021 14869 32068 3084 0.297255 0.3
0.0111975 21.0634 50471 15210 32071 3190 0.301361 0.3
0.0125079 23.5282 50367 15107 32113 3147 0.299938 0.3
0.0114307 21.502 50449 15233 32065 3151 0.301949 0.3
0.0113899 21.4253 49966 14800 32099 3067 0.296201 0.3
0.0107075 20.1416 50559 15214 32101 3244 0.300916 0.3
0.0133308 25.0759 59985 24005 32166 3814 0.400183 0.4
0.0123538 23.2384 59512 23678 32116 3718 0.397869 0.4
0.0149164 28.0586 59696 23955 32074 3667 0.401283 0.4
0.0164215 30.8897 59327 23474 32091 3762 0.395671 0.4
0.0132218 24.8711 58999 23387 32057 3555 0.396397 0.4
0.0130919 24.6268 59537 23777 32084 3676 0.399365 0.4
0.0147918 27.8241 59786 23921 32081 3784 0.40011 0.4
0.0127289 23.9439 59618 23735 32099 3784 0.398118 0.4
0.0136736 25.7209 59859 24080 32099 3680 0.402279 0.4
0.0132797 24.9799 59621 23811 32083 3727 0.399373 0.4
0.0142881 26.8767 73793 36989 32108 4696 0.501254 0.5
0.0207322 38.998 73406 36902 32065 4439 0.502711 0.5
0.014238 26.7824 73206 36819 32067 4320 0.502951 0.5
0.0160124 30.1201 73157 36561 32089 4507 0.499761 0.5
0.0215272 40.4934 73156 36513 32096 4547 0.499111 0.5
0.0154542 29.0704 72994 36507 32096 4391 0.500137 0.5
0.0204892 38.5411 73492 36930 32076 4486 0.502504 0.5
0.0173958 32.7224 73107 36348 32119 4640 0.497189 0.5
0.015977 30.0537 73159 36545 32083 4531 0.499528 0.5
0.0137104 25.7901 73274 36547 32110 4617 0.498772 0.5
0.0181921 34.2203 92534 55304 32086 5144 0.597661 0.6
0.0185746 34.9397 93524 56101 32109 5314 0.599857 0.6
0.021988 41.3604 93743 56271 32096 5376 0.600269 0.6
0.0226234 42.5554 93411 55974 32073 5364 0.599223 0.6
0.0259378 48.79 92528 55379 32064 5085 0.598511 0.6
0.0233245 43.8744 94061 56510 32094 5457 0.60078 0.6
0.019614 36.8948 93465 56183 32105 5177 0.601113 0.6
0.0188305 35.421 93255 55738 32106 5411 0.597694 0.6
0.0178699 33.6144 93509 55916 32116 5477 0.597975 0.6
0.0209545 39.4164 94137 56497 32136 5504 0.600157 0.6
0.0272195 51.2008 127574 89114 32083 6377 0.698528 0.7
0.0333678 62.7658 127219 88672 32094 6453 0.697003 0.7
0.0297513 55.9631 128557 89914 32099 6544 0.69941 0.7
0.0280864 52.8315 127353 88946 32082 6325 0.698421 0.7
0.029562 55.6071 129097 90221 32110 6766 0.698862 0.7
0.0262078 49.2978 127424 89084 32086 6254 0.699115 0.7
0.0324163 60.976 129289 90525 32116 6648 0.700176 0.7
0.0292029 54.9317 129613 90739 32107 6767 0.700076 0.7
0.0301649 56.7412 127123 88922 32074 6127 0.699496 0.7
0.0283651 53.3557 128980 90432 32114 6434 0.701132 0.7
0.047679 89.6852 204528 163718 32108 8702 0.800467 0.8
0.0433959 81.6286 202532 161973 32080 8479 0.79974 0.8
0.0510739 96.0709 203442 162882 32082 8478 0.800631 0.8
0.0575525 108.257 201833 161325 32089 8419 0.799299 0.8
0.0509698 95.8752 206335 164998 32101 9236 0.799661 0.8
0.0502422 94.5066 202500 162025 32078 8397 0.800123 0.8
0.0508517 95.6531 199968 159813 32088 8067 0.799193 0.8
0.0510043 95.9399 202834 161943 32103 8788 0.798402 0.8
0.044732 84.1418 202606 162008 32109 8489 0.799621 0.8
0.0430068 80.8969 203261 162425 32113 8723 0.799096 0.8