50378 31499 41.0015 9.01587 14.4199 0.0096828 0 2500 3500
47706 31499 42.9371 8.60943 13.0395 0.00504717 0 2500 3500
45500 31499 38.701 9.5518 13.7978 0 0 2500 3500
48420 31499 41.3956 8.93003 13.7275 0.00600932 0 2500 3500
47586 31499 39.1629 9.43912 14.2601 0.00438364 0 2500 3500
45691 31499 46.1581 8.00864 11.6172 0.000418025 0 2500 3500
45500 31499 45.5972 8.10716 11.711 0 0 2500 3500
45500 31499 42.4673 8.70467 12.5741 0 0 2500 3500
45500 31499 42.8869 8.6195 12.4511 0 0 2500 3500
45500 31499 39.2658 9.41438 13.5993 0 0 2500 3500
52000 31499 46.4738 7.95424 13.1315 0 0 2500 4000
61486 31499 56.7679 6.51184 12.7114 0.0191089 0 2500 4000
52000 31499 47.6046 7.7653 12.8196 0 0 2500 4000
52000 31499 46.7526 7.90681 13.0532 0 0 2500 4000
57518 31499 54.0663 6.83723 12.4853 0.0333492 0 2500 4000
58647 31499 51.8049 7.13569 13.286 0.0185883 0 2500 4000
60472 31499 56.6492 6.52549 12.528 0.0554144 0 2500 4000
52000 31499 47.1506 7.84006 12.943 0 0 2500 4000
55365 31499 52.6864 7.0163 12.3327 0.00592872 0 2500 4000
58344 31499 56.1041 6.58889 12.2046 0.0114105 0 2500 4000
61569 31499 56.0874 6.59085 12.883 0.00800821 0 2500 4500
70567 31499 67.012 5.51638 12.3586 0.0394867 0 2500 4500
61907 31499 59.1918 6.24518 12.2743 0.0208996 0 2500 4500
68001 31499 64.6642 5.71667 12.3416 0.0569322 0 2500 4500
58977 31499 58.0845 6.36424 11.9163 0.00818735 0 2500 4500
66192 31499 63.0973 5.85863 12.3116 0.0199123 0 2500 4500
66675 31499 62.9526 5.87209 12.4299 0.015442 0 2500 4500
67452 31499 65.8677 5.61221 12.0183 0.0145903 0 2500 4500
58500 31499 55.7733 6.62797 12.3098 0 0 2500 4500
61999 31499 58.0917 6.36345 12.5254 0.00609547 0 2500 4500
40500 31499 42.3938 8.71976 11.2117 0 0 3500 4500
40500 31499 46.0663 8.0246 10.3179 0 0 3500 4500
40500 31499 39.1971 9.4309 12.1261 0 0 3500 4500
40500 31499 41.2169 8.96874 11.5319 0 0 3500 4500
40500 31499 39.4174 9.37819 12.0583 0 0 3500 4500
41156 31499 46.4399 7.96005 10.4007 0.0162334 0 3500 4500
41180 31499 43.5043 8.49717 11.109 0.0108965 0 3500 4500
45136 31499 48.1117 7.68344 11.0101 0.0246686 0 3500 4500
41472 31499 46.5254 7.94541 10.4613 0.00713448 0 3500 4500
40500 31499 36.6224 10.0939 12.9786 0 0 3500 4500
45000 31499 38.6263 9.57027 13.6726 0 0 3500 5000
49501 31499 44.5931 8.2897 13.0277 0.0122977 0 3500 5000
45000 31499 47.4613 7.78873 11.1274 0 0 3500 5000
46047 31499 44.669 8.27562 12.098 0.0304091 0 3500 5000
45160 31499 49.8464 7.41606 10.6326 0.00366819 0 3500 5000
45110 31499 44.663 8.27674 11.8535 0.00176957 0 3500 5000
45022 31499 44.0377 8.39426 11.9983 0.000260327 0 3500 5000
45074 31499 44.4819 8.31043 11.8922 0.000501263 0 3500 5000
45141 31499 44.2092 8.3617 11.9834 0.000312355 0 3500 5000
49054 31499 52.1709 7.08563 11.0348 0.0102974 0 3500 5000
49500 31499 42.4931 8.69937 13.6712 0 0 3500 5500
50370 31499 52.1845 7.08379 11.3279 0.00347226 0 3500 5500
51218 31499 55.6625 6.64116 10.7989 0.00673633 0 3500 5500
54481 31499 60.3625 6.12406 10.5925 0.0484226 0 3500 5500
64173 31499 68.1037 5.42795 11.0586 0.0759517 0 3500 5500
53910 31499 54.1369 6.82831 11.6868 0.0183959 0 3500 5500
49500 31499 51.8477 7.1298 11.2046 0 0 3500 5500
59065 31499 66.6836 5.54354 10.3952 0.036731 0 3500 5500
49500 31499 49.212 7.51166 11.8047 0 0 3500 5500
65100 31499 77.1477 4.79164 9.90326 0.0515414 0 3500 5500
38500 31499 62.9158 5.87553 7.1816 0 0 4500 5500
39339 31499 51.0912 7.23537 9.03644 0.00944028 0 4500 5500
38500 31499 40.5381 9.11892 11.146 0 0 4500 5500
41005 31499 59.9379 6.16745 8.02889 0.0131321 0 4500 5500
39470 31499 54.8221 6.74297 8.44951 0.00778722 0 4500 5500
106685 31499 235.956 1.56666 5.3063 0.367898 0 4500 5500
38500 31499 40.586 9.10816 11.1328 0 0 4500 5500
38500 31499 40.7444 9.07274 11.0895 0 0 4500 5500
38500 31499 41.0476 9.00572 11.0076 0 0 4500 5500
40406 31499 46.5994 7.93281 10.1762 0.0264873 0 4500 5500
42270 31499 45.8452 8.06331 10.8208 0.00373667 0 4500 6000
87156 31499 83.3014 4.43766 12.2791 0.0961301 0 4500 6000
50002 31499 59.6772 6.19439 9.8333 0.105476 0 4500 6000
58410 31499 65.4844 5.64507 10.4681 0.159459 0 4500 6000
42085 31499 40.5478 9.11674 12.1809 0.000642823 0 4500 6000
42000 31499 39.3334 9.39821 12.5316 0 0 4500 6000
109525 31499 171.608 2.15411 7.49022 0.291373 0 4500 6000
42000 31499 37.8976 9.75427 13.0064 0 0 4500 6000
47629 31499 46.4456 7.95906 12.035 0.0422729 0 4500 6000
42000 31499 39.0756 9.46023 12.6143 0 0 4500 6000
45500 31499 40.949 9.02741 13.0403 0 0 4500 6500
45500 31499 39.1175 9.45009 13.6509 0 0 4500 6500
46277 31499 43.2763 8.54194 12.5497 0.00260359 0 4500 6500
46095 31499 56.8465 6.50284 9.51634 0.00286061 0 4500 6500
46561 31499 54.7945 6.74637 9.97254 0.00468372 0 4500 6500
51530 31499 50.3727 7.33857 12.0056 0.0117019 0 4500 6500
46225 31499 53.7847 6.87302 10.0864 0.00321096 0 4500 6500
46465 31499 54.3901 6.79652 10.026 0.00424998 0 4500 6500
48311 31499 50.3003 7.34913 11.2719 0.00613347 0 4500 6500
47054 31499 49.5707 7.4573 11.1402 0.00372764 0 4500 6500
47075 31499 110.112 3.35715 5.01735 0.0660197 0 5500 6500
39000 31499 53.3849 6.9245 8.57366 0 0 5500 6500
39000 31499 58.783 6.28861 7.78633 0 0 5500 6500
39064 31499 70.8669 5.21631 6.46924 0.00167525 0 5500 6500
39409 31499 58.2873 6.34209 7.9349 0.0104053 0 5500 6500
42253 31499 57.37 6.44351 8.64357 0.0681443 0 5500 6500
91874 31499 137.536 2.68776 7.83965 0.286515 0 5500 6500
73111 31499 113.55 3.25552 7.55642 0.21926 0 5500 6500
39000 31499 48.2952 7.65425 9.47721 0 0 5500 6500
73691 31499 102.966 3.59015 8.39925 0.21582 0 5500 6500
51152 31499 41.9835 8.80499 14.299 0.0692519 0 5500 7000
69347 31499 69.1149 5.34854 11.7754 0.0789752 0 5500 7000
80365 31499 91.7304 4.02989 10.2819 0.267555 0 5500 7000
83153 31499 100.198 3.68934 9.73958 0.243601 0 5500 7000
42865 31499 42.1937 8.76111 11.9227 0.0198121 0 5500 7000
60383 31499 62.0677 5.95582 11.4175 0.0592232 0 5500 7000
66548 31499 76.7725 4.81505 10.173 0.123154 0 5500 7000
49777 31499 50.0997 7.37856 11.6604 0.0261987 0 5500 7000
42000 31499 38.8891 9.50559 12.6748 0 0 5500 7000
42000 31499 39.5509 9.34652 12.4627 0 0 5500 7000
47698 31499 43.2733 8.54253 12.936 0.0518102 0 5500 7500
76692 31499 88.0601 4.19786 10.2209 0.191547 0 5500 7500
45000 31499 39.3817 9.38668 13.4103 0 0 5500 7500
73043 31499 84.1583 4.39248 10.186 0.180921 0 5500 7500
79158 31499 92.7523 3.9855 10.0159 0.201241 0 5500 7500
81084 31499 89.2448 4.14213 10.6628 0.204099 0 5500 7500
80572 31499 92.7591 3.9852 10.1941 0.2042 0 5500 7500
51683 31499 47.683 7.75252 12.7205 0.0258853 0 5500 7500
77754 31499 92.7486 3.98565 9.83865 0.197357 0 5500 7500
91256 31499 97.5309 3.79022 10.9809 0.222438 0 5500 7500
52457 31499 41.9234 8.81759 14.6848 0.0155773 0 2500 3500
53232 31499 51.8988 7.12278 12.0375 0.0196513 0 2500 3500
53818 31499 53.6182 6.89437 11.7797 0.017809 0 2500 3500
45500 31499 40.7106 9.08028 13.1167 0 0 2500 3500
45500 31499 40.8289 9.05396 13.0787 0 0 2500 3500
45502 31499 42.1399 8.77229 12.6723 2.12194e-05 0 2500 3500
51135 31499 46.5546 7.94044 12.8907 0.0207533 0 2500 3500
45500 31499 41.4924 8.9092 12.8695 0 0 2500 3500
45500 31499 41.4425 8.91993 12.885 0 0 2500 3500
51087 31499 47.4555 7.78969 12.6341 0.0125004 0 2500 3500
45500 31499 41.8025 8.8431 12.7741 0 0 2500 3500
45500 31499 41.0742 8.99991 13.0006 0 0 2500 3500
45500 31499 40.5343 9.11977 13.1737 0 0 2500 3500
51769 31499 44.7619 8.25845 13.5732 0.0134079 0 2500 3500
45500 31499 41.999 8.80172 12.7143 0 0 2500 3500
45500 31499 40.6902 9.08483 13.1233 0 0 2500 3500
48577 31499 44.9854 8.21742 12.673 0.00676487 0 2500 3500
45500 31499 40.5177 9.12352 13.1791 0 0 2500 3500
50303 31499 40.8271 9.05438 14.4599 0.00954814 0 2500 3500
54654 31499 51.1819 7.22255 12.5322 0.0209365 0 2500 3500
45500 31499 40.5123 9.12472 13.1809 0 0 2500 3500
45501 31499 40.6877 9.08539 13.1244 6.4444e-06 0 2500 3500
50944 31499 47.89 7.71902 12.4844 0.0132756 0 2500 3500
59125 31499 49.5931 7.45394 13.9917 0.0285029 0 2500 3500
48854 31499 44.1336 8.37601 12.9912 0.043413 0 2500 3500
50985 31499 47.0989 7.84867 12.7043 0.0130906 0 2500 3500
45500 31499 40.4704 9.13418 13.1945 0 0 2500 3500
45500 31499 40.6449 9.09496 13.1379 0 0 2500 3500
45500 31499 40.4539 9.1379 13.1999 0 0 2500 3500
45500 31499 40.6271 9.09894 13.1436 0 0 2500 3500
45500 31499 40.9169 9.0345 13.0505 0 0 2500 3500
45500 31499 40.4057 9.1488 13.2157 0 0 2500 3500
45500 31499 40.1874 9.1985 13.2875 0 0 2500 3500
45500 31499 40.4368 9.14176 13.2055 0 0 2500 3500
51930 31499 47.8615 7.72362 12.7336 0.0146951 0 2500 3500
48403 31499 43.5942 8.47965 13.0306 0.00599625 0 2500 3500
54078 31499 47.0796 7.85188 13.4806 0.0186485 0 2500 3500
45500 31499 40.458 9.13697 13.1986 0 0 2500 3500
46404 31499 41.4422 8.91998 13.1411 0.00202742 0 2500 3500
56390 31499 52.9662 6.97923 12.4946 0.0546879 0 2500 3500
53101 31499 49.1615 7.51937 12.6765 0.0216301 0 2500 3500
51469 31499 47.245 7.82439 12.7853 0.0122177 0 2500 3500
51483 31499 47.1571 7.83897 12.8126 0.0157093 0 2500 3500
45500 31499 40.3724 9.15633 13.2265 0 0 2500 3500
45500 31499 40.3101 9.17051 13.247 0 0 2500 3500
50638 31499 40.3577 9.15968 14.7255 0.0101465 0 2500 3500
45500 31499 40.3523 9.16091 13.2332 0 0 2500 3500
48141 31499 43.3134 8.53462 13.0441 0.00679799 0 2500 3500
47618 31499 42.7343 8.65029 13.0772 0.00609077 0 2500 3500
48383 31499 43.5437 8.4895 13.0403 0.00747542 0 2500 3500
45500 31499 40.4715 9.13392 13.1942 0 0 2500 3500
45500 31499 40.4682 9.13467 13.1952 0 0 2500 3500
54285 31499 50.4242 7.33108 12.6346 0.0276929 0 2500 3500
47102 31499 42.471 8.70391 13.0157 0.00454126 0 2500 3500
50480 31499 46.3223 7.98025 12.7894 0.0105088 0 2500 3500
45500 31499 40.5276 9.12128 13.1759 0 0 2500 3500
45500 31499 40.3028 9.17215 13.2494 0 0 2500 3500
45500 31499 40.3758 9.15558 13.2255 0 0 2500 3500
45500 31499 40.6501 9.09379 13.1362 0 0 2500 3500
51673 31499 47.6145 7.76368 12.7363 0.0255189 0 2500 3500
53414 31499 49.6914 7.43919 12.6152 0.0221491 0 2500 3500
45500 31499 40.498 9.12794 13.1855 0 0 2500 3500
45500 31499 40.4189 9.14582 13.2114 0 0 2500 3500
48897 31499 44.3199 8.34081 12.948 0.00713439 0 2500 3500
55546 31499 46.3854 7.9694 14.0537 0.0294993 0 2500 3500
45500 31499 40.4504 9.1387 13.2011 0 0 2500 3500
47121 31499 42.3147 8.73605 13.069 0.00360627 0 2500 3500
47455 31499 42.7197 8.65324 13.0369 0.00465919 0 2500 3500
45500 31499 40.4372 9.14167 13.2054 0 0 2500 3500
49000 31499 43.59 8.48047 13.1926 0.0340042 0 2500 3500
56922 31499 47.7464 7.74223 13.9914 0.02279 0 2500 3500
47951 31499 43.3335 8.53067 12.9866 0.00538339 0 2500 3500
49491 31499 44.924 8.22864 12.9291 0.0276421 0 2500 3500
48280 31499 43.7109 8.45701 12.9628 0.00606347 0 2500 3500
45500 31499 40.344 9.16278 13.2359 0 0 2500 3500
45500 31499 40.5068 9.12597 13.1827 0 0 2500 3500
47576 31499 42.7198 8.65323 13.0701 0.00535637 0 2500 3500
45500 31499 40.4239 9.14469 13.2097 0 0 2500 3500
45500 31499 40.2841 9.17642 13.2556 0 0 2500 3500
48387 31499 43.7221 8.45484 12.9882 0.0066936 0 2500 3500
48037 31499 43.4356 8.51062 12.9793 0.00574944 0 2500 3500
51699 31499 47.3526 7.80661 12.8132 0.0158268 0 2500 3500
52726 31499 48.7309 7.58582 12.6982 0.0163656 0 2500 3500
45500 31499 40.4662 9.13512 13.1959 0 0 2500 3500
45500 31499 40.3362 9.16457 13.2384 0 0 2500 3500
52351 31499 48.5207 7.61867 12.6625 0.0172908 0 2500 3500
48250 31499 43.5597 8.48636 12.9997 0.00642885 0 2500 3500
45500 31499 40.4325 9.14274 13.2069 0 0 2500 3500
45500 31499 40.4997 9.12757 13.185 0 0 2500 3500
45500 31499 40.4589 9.13676 13.1983 0 0 2500 3500
55219 31499 49.4545 7.47482 13.104 0.00605852 0 2500 4000
62008 31499 57.2336 6.45885 12.715 0.02167 0 2500 4000
52000 31499 45.6954 8.08974 13.3552 0 0 2500 4000
52000 31499 45.7476 8.08051 13.34 0 0 2500 4000
57543 31499 52.096 7.09581 12.9631 0.0126104 0 2500 4000
62737 31499 58.588 6.30954 12.5671 0.0243109 0 2500 4000
52000 31499 45.7713 8.07632 13.3331 0 0 2500 4000
57699 31499 52.2411 7.07611 12.9621 0.0130289 0 2500 4000
66008 31499 58.572 6.31127 13.226 0.032964 0 2500 4000
55451 31499 49.5933 7.45391 13.1222 0.00603747 0 2500 4000
52000 31499 45.5941 8.10771 13.3849 0 0 2500 4000
57175 31499 51.6508 7.15698 12.9912 0.0223716 0 2500 4000
52000 31499 45.7693 8.07668 13.3337 0 0 2500 4000
52000 31499 45.6515 8.09751 13.3681 0 0 2500 4000
52000 31499 45.4907 8.12614 13.4153 0 0 2500 4000
54766 31499 48.9683 7.54904 13.1255 0.00586361 0 2500 4000
52000 31499 45.731 8.08344 13.3448 0 0 2500 4000
52000 31499 45.5949 8.10757 13.3847 0 0 2500 4000
55579 31499 49.6457 7.44604 13.1386 0.00879951 0 2500 4000
52002 31499 45.7389 8.08204 13.343 1.49223e-05 0 2500 4000
52000 31499 45.6273 8.10181 13.3751 0 0 2500 4000
60584 31499 46.8058 7.89782 15.1907 0.0141688 0 2500 4000
52000 31499 45.8696 8.05901 13.3045 0 0 2500 4000
64071 31499 59.6264 6.19967 12.6108 0.0330747 0 2500 4000
63650 31499 59.1481 6.2498 12.6293 0.0261872 0 2500 4000
55467 31499 49.7633 7.42845 13.0812 0.00813496 0 2500 4000
54793 31499 48.8008 7.57495 13.1771 0.00540939 0 2500 4000
55024 31499 48.9909 7.54556 13.1813 0.0239955 0 2500 4000
52000 31499 45.6895 8.09077 13.3569 0 0 2500 4000
58696 31499 53.2833 6.93771 12.9282 0.0257853 0 2500 4000
58495 31499 49.4402 7.47699 13.8854 0.0148876 0 2500 4000
58968 31499 53.7084 6.88279 12.8853 0.0171424 0 2500 4000
58158 31499 52.6979 7.01477 12.952 0.0134782 0 2500 4000
52000 31499 45.6956 8.08969 13.3551 0 0 2500 4000
52000 31499 45.7567 8.07891 13.3373 0 0 2500 4000
55562 31499 49.7994 7.42306 13.0941 0.00676628 0 2500 4000
55472 31499 49.6615 7.44367 13.1091 0.0110329 0 2500 4000
59063 31499 49.8877 7.40991 13.8945 0.0137255 0 2500 4000
55539 31499 49.8323 7.41815 13.08 0.0060721 0 2500 4000
52000 31499 45.7753 8.07561 13.3319 0 0 2500 4000
55505 31499 49.8134 7.42097 13.0769 0.00673324 0 2500 4000
55269 31499 45.8639 8.06001 14.1426 0.00591471 0 2500 4000
66213 31499 62.2959 5.934 12.474 0.0469003 0 2500 4000
55834 31499 50.1886 7.36549 13.0561 0.00719708 0 2500 4000
55199 31499 49.3315 7.49346 13.1319 0.00666686 0 2500 4000
52000 31499 45.7056 8.08793 13.3522 0 0 2500 4000
57625 31499 52.4973 7.04158 12.8823 0.0107072 0 2500 4000
52000 31499 45.974 8.04072 13.2743 0 0 2500 4000
61273 31499 55.8279 6.62149 12.8807 0.0389075 0 2500 4000
57709 31499 52.1021 7.09498 12.999 0.01515 0 2500 4000
52000 31499 45.459 8.1318 13.4247 0 0 2500 4000
61861 31499 56.9989 6.48546 12.7371 0.0230757 0 2500 4000
54662 31499 48.8307 7.57032 13.1375 0.0174178 0 2500 4000
52000 31499 45.7183 8.08568 13.3485 0 0 2500 4000
69628 31499 65.9969 5.60123 12.3817 0.0437193 0 2500 4000
55318 31499 49.2028 7.51307 13.1946 0.00693376 0 2500 4000
52000 31499 45.497 8.12501 13.4134 0 0 2500 4000
54844 31499 49.1033 7.52829 13.1081 0.0127761 0 2500 4000
64354 31499 60.5197 6.10815 12.4795 0.0235458 0 2500 4000
52000 31499 45.7253 8.08445 13.3465 0 0 2500 4000
55045 31499 49.2721 7.5025 13.111 0.0055818 0 2500 4000
52000 31499 45.6672 8.09473 13.3635 0 0 2500 4000
61506 31499 52.8566 6.99371 13.6565 0.0189789 0 2500 4000
53499 31499 47.5184 7.77938 13.2131 0.00269899 0 2500 4000
52000 31499 45.7002 8.08889 13.3538 0 0 2500 4000
53910 31499 47.9995 7.70141 13.1811 0.00391927 0 2500 4000
52000 31499 45.8532 8.0619 13.3093 0 0 2500 4000
52000 31499 45.6753 8.09329 13.3611 0 0 2500 4000
55709 31499 50.1102 7.37701 13.0473 0.00715538 0 2500 4000
52000 31499 45.95 8.04492 13.2812 0 0 2500 4000
52000 31499 46.0192 8.03281 13.2612 0 0 2500 4000
56000 31499 49.2292 7.50904 13.3501 0.0776809 0 2500 4000
55551 31499 50.0198 7.39035 13.0338 0.00817825 0 2500 4000
52000 31499 45.7792 8.07492 13.3308 0 0 2500 4000
60870 31499 55.3401 6.67985 12.9087 0.0299487 0 2500 4000
55202 31499 45.9828 8.03918 14.089 0.00580051 0 2500 4000
55416 31499 49.6288 7.44857 13.1045 0.00664859 0 2500 4000
57944 31499 52.7847 7.00324 12.8831 0.0226445 0 2500 4000
64978 31499 61.3294 6.02751 12.4342 0.0257424 0 2500 4000
64994 31499 60.8473 6.07527 12.5358 0.0353862 0 2500 4000
58880 31499 53.7499 6.87748 12.8561 0.0129885 0 2500 4000
52000 31499 45.7556 8.07909 13.3376 0 0 2500 4000
55517 31499 50.0818 7.38119 13.0097 0.00855535 0 2500 4000
55466 31499 49.8819 7.41077 13.0498 0.00684818 0 2500 4000
52000 31499 45.4329 8.13648 13.4324 0 0 2500 4000
55334 31499 45.9183 8.05047 14.1425 0.00602523 0 2500 4000
53522 31499 50.1566 7.37018 12.5234 0.00284369 0 2500 4000
54552 31499 51.3122 7.20421 12.477 0.00659207 0 2500 4000
65514 31499 60.626 6.09745 12.6822 0.142992 0 2500 4000
63273 31499 63.9418 5.78125 11.6132 0.0376896 0 2500 4000
62232 31499 58.4095 6.32883 12.504 0.012464 0 2500 4500
68239 31499 103.982 3.55508 7.70185 0.0307153 0 2500 4500
75972 31499 64.4221 5.73815 13.8401 0.0441131 0 2500 4500
58501 31499 51.4704 7.18207 13.3391 5.01234e-06 0 2500 4500
58500 31499 51.4957 7.17854 13.3323 0 0 2500 4500
58500 31499 52.2057 7.08091 13.151 0 0 2500 4500
66372 31499 60.2315 6.13738 12.9325 0.0176431 0 2500 4500
62275 31499 56.1332 6.58547 13.0201 0.00715874 0 2500 4500
72915 31499 65.9683 5.60366 12.9719 0.0717088 0 2500 4500
62280 31499 55.458 6.66565 13.1797 0.00771009 0 2500 4500
61447 31499 55.6475 6.64295 12.9591 0.00505759 0 2500 4500
58500 31499 51.105 7.23341 13.4342 0 0 2500 4500
72652 31499 67.8542 5.44791 12.5658 0.0331165 0 2500 4500
62526 31499 55.8583 6.61788 13.1369 0.0101249 0 2500 4500
65273 31499 59.0679 6.25829 12.9689 0.0257087 0 2500 4500
72543 31499 67.6959 5.46065 12.5763 0.0464186 0 2500 4500
58500 31499 51.2233 7.21671 13.4032 0 0 2500 4500
62411 31499 55.7977 6.62507 13.127 0.00803115 0 2500 4500
58500 31499 51.3371 7.20071 13.3735 0 0 2500 4500
62195 31499 51.3903 7.19325 14.2035 0.00594099 0 2500 4500
71055 31499 65.837 5.61483 12.6662 0.0382931 0 2500 4500
60992 31499 54.0195 6.84316 13.2508 0.00519679 0 2500 4500
58500 31499 51.3281 7.20197 13.3758 0 0 2500 4500
62325 31499 55.9069 6.61214 13.0833 0.00979588 0 2500 4500
58500 31499 51.3559 7.19808 13.3686 0 0 2500 4500
58500 31499 51.2439 7.2138 13.3978 0 0 2500 4500
74119 31499 69.6343 5.30864 12.4918 0.0293588 0 2500 4500
62488 31499 55.7422 6.63166 13.1563 0.0075935 0 2500 4500
58500 31499 51.4511 7.18476 13.3439 0 0 2500 4500
89042 31499 74.8021 4.94189 13.9702 0.055149 0 2500 4500
58500 31499 51.3434 7.19983 13.3718 0 0 2500 4500
68186 31499 62.9578 5.87161 12.7106 0.0280637 0 2500 4500
62320 31499 55.8027 6.62447 13.1067 0.00838596 0 2500 4500
58500 31499 51.237 7.21478 13.3996 0 0 2500 4500
58500 31499 51.2335 7.21528 13.4005 0 0 2500 4500
58501 31499 51.1822 7.2225 13.4142 2.34853e-05 0 2500 4500
58500 31499 51.3384 7.20053 13.3732 0 0 2500 4500
58500 31499 51.4095 7.19058 13.3547 0 0 2500 4500
72668 31499 60.2383 6.13669 14.1576 0.0338424 0 2500 4500
65320 31499 59.4319 6.21996 12.8987 0.020549 0 2500 4500
58500 31499 51.4034 7.19143 13.3562 0 0 2500 4500
58500 31499 51.1959 7.22057 13.4104 0 0 2500 4500
61647 31499 54.7033 6.75761 13.2257 0.00577574 0 2500 4500
58500 31499 51.2585 7.21175 13.394 0 0 2500 4500
58500 31499 51.0896 7.23559 13.4383 0 0 2500 4500
65635 31499 59.9583 6.16535 12.8471 0.0120073 0 2500 4500
58500 31499 51.0855 7.23617 13.4393 0 0 2500 4500
62016 31499 55.2268 6.69355 13.1787 0.00597474 0 2500 4500
58500 31499 50.9855 7.25037 13.4657 0 0 2500 4500
69301 31499 63.7086 5.80241 12.7662 0.0232418 0 2500 4500
58500 31499 51.3804 7.19465 13.3622 0 0 2500 4500
58500 31499 51.2017 7.21976 13.4089 0 0 2500 4500
62317 31499 55.8424 6.61977 13.0967 0.00653472 0 2500 4500
62630 31499 56.4336 6.55042 13.0246 0.00917587 0 2500 4500
58500 31499 51.242 7.21407 13.3983 0 0 2500 4500
58500 31499 51.1421 7.22817 13.4245 0 0 2500 4500
65978 31499 59.9366 6.16758 12.919 0.0152883 0 2500 4500
70189 31499 55.8838 6.61486 14.7402 0.0285703 0 2500 4500
69785 31499 64.395 5.74057 12.7183 0.0193806 0 2500 4500
58500 31499 51.2225 7.21683 13.4034 0 0 2500 4500
58500 31499 51.0776 7.23729 13.4414 0 0 2500 4500
58500 31499 51.3933 7.19284 13.3589 0 0 2500 4500
65982 31499 60.3706 6.12324 12.8269 0.0206651 0 2500 4500
68983 31499 63.6602 5.80683 12.7173 0.0225136 0 2500 4500
58500 31499 51.1975 7.22035 13.41 0 0 2500 4500
58500 31499 51.1846 7.22216 13.4133 0 0 2500 4500
66618 31499 60.5546 6.10464 12.9111 0.0349498 0 2500 4500
58500 31499 51.0774 7.23733 13.4415 0 0 2500 4500
58500 31499 51.1044 7.2335 13.4344 0 0 2500 4500
58500 31499 50.986 7.25029 13.4656 0 0 2500 4500
58500 31499 51.2242 7.21659 13.403 0 0 2500 4500
58500 31499 51.1569 7.22607 13.4206 0 0 2500 4500
58500 31499 51.4974 7.1783 13.3319 0 0 2500 4500
65982 31499 59.9171 6.16958 12.9239 0.0186155 0 2500 4500
66319 31499 52.5637 7.03268 14.8072 0.0121463 0 2500 4500
58500 31499 51.1989 7.22015 13.4096 0 0 2500 4500
62477 31499 55.6075 6.64773 13.1858 0.00852233 0 2500 4500
58500 31499 51.2552 7.21222 13.3949 0 0 2500 4500
58500 31499 51.3519 7.19864 13.3696 0 0 2500 4500
65965 31499 59.7656 6.18523 12.9534 0.0175082 0 2500 4500
66962 31499 56.0149 6.59938 14.0296 0.0199518 0 2500 4500
58500 31499 51.2145 7.21795 13.4055 0 0 2500 4500
73743 31499 61.3871 6.02185 14.0982 0.0297036 0 2500 4500
58500 31499 51.1719 7.22396 13.4167 0 0 2500 4500
66486 31499 60.5509 6.10501 12.8864 0.0180306 0 2500 4500
62566 31499 56.058 6.5943 13.0985 0.00986535 0 2500 4500
58500 31499 51.399 7.19204 13.3574 0 0 2500 4500
58500 31499 51.2211 7.21702 13.4038 0 0 2500 4500
58500 31499 51.3023 7.2056 13.3826 0 0 2500 4500
62517 31499 55.9584 6.60604 13.1115 0.0084377 0 2500 4500
40500 31499 45.4055 8.14138 10.4681 0 0 3500 4500
44187 31499 42.3834 8.72189 12.2354 0.00960237 0 3500 4500
40500 31499 38.0159 9.72392 12.5029 0 0 3500 4500
40500 31499 42.8795 8.62099 11.0847 0 0 3500 4500
44331 31499 41.8104 8.84142 12.4435 0.0231893 0 3500 4500
40500 31499 37.4983 9.85815 12.6755 0 0 3500 4500
42920 31499 40.1776 9.20074 12.5371 0.00702557 0 3500 4500
40500 31499 39.201 9.42995 12.1249 0 0 3500 4500
44459 31499 42.0789 8.78502 12.3998 0.015198 0 3500 4500
40500 31499 37.9798 9.73318 12.5148 0 0 3500 4500
40500 31499 41.83 8.83728 11.3628 0 0 3500 4500
40500 31499 38.0389 9.71803 12.4953 0 0 3500 4500
43976 31499 40.9581 9.0254 12.6007 0.013397 0 3500 4500
48113 31499 42.1417 8.77192 13.3989 0.0246888 0 3500 4500
40500 31499 38.3888 9.62946 12.3814 0 0 3500 4500
40500 31499 38.0135 9.72453 12.5037 0 0 3500 4500
40500 31499 37.7041 9.80432 12.6063 0 0 3500 4500
40500 31499 37.5133 9.8542 12.6704 0 0 3500 4500
40500 31499 37.5304 9.84972 12.6646 0 0 3500 4500
40500 31499 38.1358 9.69335 12.4636 0 0 3500 4500
52905 31499 51.8278 7.13254 11.9799 0.0684097 0 3500 4500
40500 31499 37.8647 9.76276 12.5528 0 0 3500 4500
43813 31499 41.7178 8.86105 12.3254 0.0117148 0 3500 4500
47437 31499 38.3593 9.63686 14.5133 0.0146236 0 3500 4500
42403 31499 39.7417 9.30165 12.5219 0.00844209 0 3500 4500
40500 31499 37.7531 9.79161 12.5899 0 0 3500 4500
40500 31499 37.6682 9.81369 12.6183 0 0 3500 4500
40500 31499 38.1027 9.70178 12.4744 0 0 3500 4500
40500 31499 37.5075 9.85572 12.6723 0 0 3500 4500
40500 31499 37.9028 9.75294 12.5402 0 0 3500 4500
44482 31499 42.0812 8.78454 12.4056 0.0104306 0 3500 4500
47094 31499 38.4739 9.60818 14.3655 0.0140018 0 3500 4500
40500 31499 37.9015 9.75326 12.5406 0 0 3500 4500
44499 31499 42.125 8.77541 12.3974 0.0101596 0 3500 4500
40500 31499 37.5521 9.84402 12.6573 0 0 3500 4500
40500 31499 38.0813 9.70722 12.4814 0 0 3500 4500
48678 31499 42.5395 8.68989 13.4295 0.0221205 0 3500 4500
47567 31499 40.9454 9.0282 13.6339 0.0188921 0 3500 4500
44369 31499 42.4012 8.71824 12.2807 0.0118789 0 3500 4500
40500 31499 37.5477 9.84518 12.6588 0 0 3500 4500
40500 31499 37.741 9.79474 12.5939 0 0 3500 4500
50274 31499 49.0864 7.53087 12.0199 0.0544427 0 3500 4500
44188 31499 41.9124 8.81992 12.3732 0.0104711 0 3500 4500
40500 31499 37.6334 9.82275 12.6299 0 0 3500 4500
42986 31499 40.2141 9.1924 12.545 0.0175615 0 3500 4500
40500 31499 37.7395 9.79513 12.5944 0 0 3500 4500
44523 31499 42.3956 8.71938 12.3249 0.012309 0 3500 4500
40500 31499 38.6713 9.55911 12.291 0 0 3500 4500
47435 31499 46.101 8.01856 12.0756 0.0227094 0 3500 4500
40500 31499 37.7913 9.78171 12.5772 0 0 3500 4500
40500 31499 37.9691 9.7359 12.5183 0 0 3500 4500
40500 31499 38.3613 9.63636 12.3903 0 0 3500 4500
40500 31499 37.7415 9.79461 12.5938 0 0 3500 4500
40500 31499 37.8811 9.75852 12.5474 0 0 3500 4500
40500 31499 37.737 9.7958 12.5953 0 0 3500 4500
40500 31499 37.6253 9.82487 12.6327 0 0 3500 4500
44302 31499 41.6789 8.86932 12.4746 0.0268808 0 3500 4500
40500 31499 37.7548 9.79116 12.5893 0 0 3500 4500
40500 31499 37.9785 9.7335 12.5152 0 0 3500 4500
40500 31499 38.158 9.6877 12.4563 0 0 3500 4500
55612 31499 51.8608 7.128 12.5849 0.0436424 0 3500 4500
40500 31499 38.105 9.70119 12.4736 0 0 3500 4500
44205 31499 38.2515 9.66404 13.5626 0.0083814 0 3500 4500
43817 31499 41.6355 8.87856 12.3509 0.0109943 0 3500 4500
40500 31499 37.6313 9.8233 12.6307 0 0 3500 4500
40500 31499 37.4566 9.86912 12.6896 0 0 3500 4500
40500 31499 37.58 9.83672 12.6479 0 0 3500 4500
40500 31499 37.8147 9.77567 12.5694 0 0 3500 4500
40500 31499 37.2367 9.92741 12.7645 0 0 3500 4500
40500 31499 37.6608 9.81562 12.6208 0 0 3500 4500
40500 31499 37.9063 9.75204 12.539 0 0 3500 4500
40500 31499 37.4751 9.86426 12.6833 0 0 3500 4500
40500 31499 37.5787 9.83706 12.6483 0 0 3500 4500
40500 31499 37.7006 9.80525 12.6074 0 0 3500 4500
50756 31499 49.8452 7.41623 11.9504 0.0239061 0 3500 4500
40504 31499 38.2374 9.66759 12.4317 0.000110698 0 3500 4500
44285 31499 41.97 8.80782 12.3834 0.0376805 0 3500 4500
40500 31499 38.2209 9.67177 12.4358 0 0 3500 4500
44511 31499 42.2131 8.75708 12.3749 0.0105181 0 3500 4500
44185 31499 41.9475 8.81253 12.362 0.0414952 0 3500 4500
44557 31499 42.4234 8.71368 12.3262 0.0163136 0 3500 4500
40500 31499 38.0245 9.72172 12.5 0 0 3500 4500
40500 31499 38.1424 9.69168 12.4614 0 0 3500 4500
40500 31499 37.9953 9.72919 12.5097 0 0 3500 4500
40507 31499 37.7325 9.79695 12.5989 0.000115029 0 3500 4500
44195 31499 41.8955 8.82347 12.3801 0.030283 0 3500 4500
40815 31499 38.863 9.51197 12.3255 0.0079234 0 3500 4500
40500 31499 37.8944 9.7551 12.543 0 0 3500 4500
43982 31499 41.3832 8.9327 12.473 0.0132935 0 3500 4500
40500 31499 37.7625 9.78917 12.5868 0 0 3500 4500
45000 31499 40.3186 9.16857 13.0987 0 0 3500 5000
45000 31499 40.2968 9.17352 13.1057 0 0 3500 5000
45000 31499 40.7542 9.07057 12.9587 0 0 3500 5000
49500 31499 45.4142 8.13982 12.7919 0.0125813 0 3500 5000
48509 31499 44.3207 8.34066 12.8451 0.0293456 0 3500 5000
49359 31499 45.0433 8.20686 12.8605 0.0100623 0 3500 5000
58358 31499 55.4358 6.66832 12.3546 0.0560319 0 3500 5000
45000 31499 40.1661 9.20337 13.1484 0 0 3500 5000
50393 31499 40.4595 9.13662 14.6174 0.0107019 0 3500 5000
49491 31499 45.537 8.11788 12.7551 0.0107777 0 3500 5000
45000 31499 40.8056 9.05913 12.9423 0 0 3500 5000
45000 31499 40.28 9.17735 13.1112 0 0 3500 5000
45000 31499 40.0163 9.23782 13.1976 0 0 3500 5000
45000 31499 40.1536 9.20624 13.1525 0 0 3500 5000
45000 31499 40.1157 9.21494 13.1649 0 0 3500 5000
45000 31499 40.2825 9.17677 13.1104 0 0 3500 5000
45000 31499 40.5778 9.11 13.015 0 0 3500 5000
58167 31499 55.5688 6.65236 12.2847 0.0525445 0 3500 5000
58017 31499 55.4514 6.66645 12.279 0.0370244 0 3500 5000
49456 31499 45.4748 8.12898 12.7635 0.0196586 0 3500 5000
52106 31499 47.4978 7.78275 12.8746 0.105318 0 3500 5000
49370 31499 40.4407 9.14088 14.3273 0.00885153 0 3500 5000
45000 31499 40.4541 9.13785 13.0548 0 0 3500 5000
56234 31499 54.1797 6.82291 12.181 0.0435349 0 3500 5000
45000 31499 40.4383 9.14142 13.0599 0 0 3500 5000
49554 31499 45.5214 8.12066 12.7757 0.0175411 0 3500 5000
45001 31499 40.2281 9.18919 13.1284 1.83356e-05 0 3500 5000
53347 31499 48.2571 7.6603 12.9739 0.0286142 0 3500 5000
58397 31499 55.5102 6.65938 12.3463 0.0422503 0 3500 5000
45000 31499 40.3704 9.1568 13.0819 0 0 3500 5000
49589 31499 45.2944 8.16136 12.8488 0.0344846 0 3500 5000
45000 31499 40.2995 9.17291 13.1049 0 0 3500 5000
45011 31499 40.3298 9.16601 13.0982 0.000130207 0 3500 5000
45000 31499 39.9897 9.24397 13.2064 0 0 3500 5000
54056 31499 50.3687 7.33916 12.5952 0.0263523 0 3500 5000
45001 31499 40.2155 9.19207 13.1325 9.21626e-06 0 3500 5000
49572 31499 45.6051 8.10576 12.7568 0.0130704 0 3500 5000
45360 31499 40.4172 9.1462 13.1712 0.00765492 0 3500 5000
49509 31499 45.3101 8.15853 12.8236 0.0105673 0 3500 5000
49267 31499 44.9717 8.21992 12.8569 0.0153284 0 3500 5000
45000 31499 40.196 9.19654 13.1386 0 0 3500 5000
45000 31499 40.1544 9.20605 13.1522 0 0 3500 5000
60775 31499 56.5588 6.53592 12.6109 0.055796 0 3500 5000
53441 31499 45.0194 8.21121 13.9314 0.0205787 0 3500 5000
48288 31499 44.1811 8.36701 12.8269 0.00876755 0 3500 5000
45180 31499 40.4182 9.14597 13.1187 0.00264654 0 3500 5000
45000 31499 39.9885 9.24425 13.2068 0 0 3500 5000
45000 31499 40.3429 9.16303 13.0908 0 0 3500 5000
45000 31499 40.1809 9.19999 13.1436 0 0 3500 5000
49055 31499 44.7354 8.26334 12.8692 0.0114409 0 3500 5000
45000 31499 40.2319 9.18833 13.1269 0 0 3500 5000
45000 31499 40.3155 9.16926 13.0997 0 0 3500 5000
45000 31499 40.1979 9.19609 13.138 0 0 3500 5000
49250 31499 40.4441 9.14011 14.2913 0.00862944 0 3500 5000
45251 31499 40.2139 9.19243 13.206 0.00169266 0 3500 5000
49266 31499 45.1281 8.19143 12.8121 0.0141186 0 3500 5000
45000 31499 40.1263 9.21251 13.1615 0 0 3500 5000
45000 31499 40.1001 9.21852 13.17 0 0 3500 5000
51640 31499 47.9001 7.71739 12.6523 0.0168276 0 3500 5000
45000 31499 40.3395 9.16381 13.0919 0 0 3500 5000
52096 31499 48.0347 7.69576 12.7283 0.0232779 0 3500 5000
57184 31499 54.4454 6.78963 12.3263 0.0407921 0 3500 5000
45000 31499 40.0192 9.23717 13.1967 0 0 3500 5000
53373 31499 49.8331 7.41804 12.5697 0.0417025 0 3500 5000
45000 31499 40.1219 9.21352 13.1629 0 0 3500 5000
45154 31499 40.6093 9.10293 13.0494 0.00353173 0 3500 5000
49115 31499 44.9741 8.21948 12.8166 0.00930017 0 3500 5000
45000 31499 40.1826 9.19959 13.143 0 0 3500 5000
45000 31499 40.0219 9.23654 13.1958 0 0 3500 5000
52939 31499 49.4103 7.48151 12.5741 0.0397562 0 3500 5000
53835 31499 50.4721 7.32412 12.518 0.0301335 0 3500 5000
45000 31499 40.113 9.21555 13.1658 0 0 3500 5000
49147 31499 45.0393 8.20759 12.8064 0.0106026 0 3500 5000
54021 31499 50.4589 7.32603 12.5645 0.0230966 0 3500 5000
45000 31499 40.2333 9.188 13.1264 0 0 3500 5000
45000 31499 40.0846 9.22209 13.1751 0 0 3500 5000
48877 31499 44.5434 8.29895 12.8778 0.015363 0 3500 5000
49680 31499 45.4099 8.14059 12.8396 0.0197389 0 3500 5000
47406 31499 42.831 8.63075 12.9896 0.0196219 0 3500 5000
45000 31499 40.4611 9.13626 13.0525 0 0 3500 5000
49114 31499 44.7033 8.26927 12.894 0.0105547 0 3500 5000
45002 31499 40.2512 9.18391 13.1212 8.94402e-06 0 3500 5000
45002 31499 40.4692 9.13445 13.0505 2.95847e-05 0 3500 5000
45002 31499 40.2612 9.18164 13.1179 3.66696e-05 0 3500 5000
53449 31499 50.0171 7.39075 12.5413 0.0277008 0 3500 5000
53157 31499 50.117 7.37601 12.4479 0.0267016 0 3500 5000
45000 31499 40.1485 9.2074 13.1542 0 0 3500 5000
45001 31499 40.4352 9.14213 13.0612 3.17257e-05 0 3500 5000
52679 31499 48.9203 7.55644 12.6377 0.0366644 0 3500 5000
45128 31499 40.7273 9.07655 13.0041 0.000283638 0 3500 5000
51505 31499 46.0153 8.03349 13.1361 0.0045986 0 3500 5500
49504 31499 43.9758 8.40608 13.2113 4.30531e-05 0 3500 5500
54902 31499 50.2664 7.35409 12.8183 0.0384903 0 3500 5500
54241 31499 49.2064 7.51251 12.9368 0.0140874 0 3500 5500
54741 31499 48.9509 7.55172 13.1242 0.021433 0 3500 5500
54510 31499 49.3587 7.48933 12.9608 0.0140441 0 3500 5500
60035 31499 55.1613 6.7015 12.7729 0.0583132 0 3500 5500
51602 31499 44.2661 8.35093 13.6809 0.00407349 0 3500 5500
52217 31499 46.6238 7.92864 13.1439 0.013783 0 3500 5500
51408 31499 45.5807 8.1101 13.2364 0.0134631 0 3500 5500
49500 31499 43.6897 8.46113 13.2968 0 0 3500 5500
54413 31499 49.3647 7.48842 12.9362 0.0111461 0 3500 5500
49500 31499 43.6781 8.46337 13.3003 0 0 3500 5500
49500 31499 43.8099 8.4379 13.2603 0 0 3500 5500
49500 31499 43.6706 8.46481 13.3026 0 0 3500 5500
49503 31499 43.704 8.45834 13.2932 4.03418e-05 0 3500 5500
65443 31499 63.1625 5.85258 12.1597 0.0400806 0 3500 5500
49500 31499 44.0123 8.3991 13.1993 0 0 3500 5500
58831 31499 55.2359 6.69245 12.4999 0.0209859 0 3500 5500
49822 31499 44.1488 8.37313 13.2441 0.00666513 0 3500 5500
58887 31499 54.2594 6.81289 12.7369 0.0254845 0 3500 5500
59354 31499 54.9237 6.7305 12.6827 0.030527 0 3500 5500
49500 31499 43.7561 8.44827 13.2766 0 0 3500 5500
49500 31499 43.7575 8.44801 13.2762 0 0 3500 5500
54843 31499 49.8926 7.40919 12.9005 0.0153317 0 3500 5500
49500 31499 43.8026 8.43931 13.2625 0 0 3500 5500
49500 31499 43.7564 8.44823 13.2765 0 0 3500 5500
49506 31499 44.164 8.37024 13.1556 1.62105e-05 0 3500 5500
49500 31499 43.7104 8.45711 13.2905 0 0 3500 5500
58643 31499 54.2566 6.81325 12.6848 0.0182269 0 3500 5500
49500 31499 43.727 8.4539 13.2854 0 0 3500 5500
49500 31499 43.8131 8.43728 13.2593 0 0 3500 5500
49799 31499 44.1078 8.38092 13.2503 0.00619573 0 3500 5500
54125 31499 48.9248 7.55575 12.9834 0.0151374 0 3500 5500
59724 31499 54.7739 6.7489 12.7966 0.0952279 0 3500 5500
49500 31499 43.7236 8.45456 13.2865 0 0 3500 5500
49500 31499 43.8891 8.42268 13.2364 0 0 3500 5500
49500 31499 43.6048 8.4776 13.3227 0 0 3500 5500
49500 31499 43.9073 8.41919 13.2309 0 0 3500 5500
49500 31499 43.8959 8.42137 13.2343 0 0 3500 5500
49500 31499 43.7871 8.44229 13.2672 0 0 3500 5500
59799 31499 50.1518 7.37089 13.9935 0.0287659 0 3500 5500
68280 31499 66.6133 5.5494 12.0296 0.0486741 0 3500 5500
53897 31499 48.6511 7.59826 13.0015 0.0323565 0 3500 5500
61443 31499 57.7229 6.40411 12.4924 0.0285178 0 3500 5500
49500 31499 43.6057 8.47741 13.3224 0 0 3500 5500
49500 31499 43.657 8.46746 13.3067 0 0 3500 5500
52285 31499 46.8215 7.89518 13.1055 0.00658362 0 3500 5500
54451 31499 49.3062 7.4973 12.9606 0.010656 0 3500 5500
54378 31499 49.1247 7.525 12.991 0.0189473 0 3500 5500
62923 31499 60.7895 6.08104 12.1479 0.0355316 0 3500 5500
49500 31499 43.6252 8.47363 13.3164 0 0 3500 5500
59604 31499 54.3386 6.80296 12.8732 0.0651097 0 3500 5500
62930 31499 61.4479 6.01589 12.0191 0.0367542 0 3500 5500
49500 31499 43.8243 8.43513 13.2559 0 0 3500 5500
49500 31499 43.6124 8.47611 13.3203 0 0 3500 5500
49500 31499 43.737 8.45197 13.2824 0 0 3500 5500
49500 31499 43.8489 8.4304 13.2485 0 0 3500 5500
54555 31499 49.6858 7.44003 12.8861 0.0123663 0 3500 5500
54493 31499 48.5208 7.61866 13.1805 0.0530163 0 3500 5500
49500 31499 43.5723 8.48391 13.3326 0 0 3500 5500
49500 31499 43.6416 8.47044 13.3114 0 0 3500 5500
53894 31499 48.4987 7.62213 13.0416 0.011905 0 3500 5500
58022 31499 53.5505 6.90308 12.716 0.0404385 0 3500 5500
49500 31499 43.6987 8.45937 13.294 0 0 3500 5500
49500 31499 43.5255 8.49303 13.3469 0 0 3500 5500
49500 31499 43.5756 8.48328 13.3316 0 0 3500 5500
49500 31499 43.5719 8.48399 13.3327 0 0 3500 5500
49500 31499 43.5853 8.48138 13.3286 0 0 3500 5500
49500 31499 43.7445 8.45051 13.2801 0 0 3500 5500
49500 31499 43.6528 8.46826 13.308 0 0 3500 5500
54103 31499 48.8812 7.5625 12.9897 0.0157357 0 3500 5500
54485 31499 49.299 7.4984 12.9706 0.0162611 0 3500 5500
49500 31499 43.5912 8.48024 13.3268 0 0 3500 5500
49500 31499 43.6946 8.46017 13.2953 0 0 3500 5500
49500 31499 43.709 8.45738 13.2909 0 0 3500 5500
54260 31499 49.0314 7.53932 12.9875 0.0104584 0 3500 5500
49500 31499 43.7384 8.45169 13.282 0 0 3500 5500
54246 31499 48.9858 7.54634 12.9962 0.0341385 0 3500 5500
68969 31499 64.3127 5.74791 12.5857 0.148463 0 3500 5500
49500 31499 43.7007 8.45898 13.2934 0 0 3500 5500
49500 31499 43.5909 8.4803 13.3269 0 0 3500 5500
49545 31499 43.6782 8.46334 13.3124 9.08265e-05 0 3500 5500
49500 31499 43.6686 8.46521 13.3032 0 0 3500 5500
49500 31499 43.4949 8.499 13.3563 0 0 3500 5500
54211 31499 49.0886 7.53054 12.9607 0.0227996 0 3500 5500
49500 31499 43.5244 8.49326 13.3473 0 0 3500 5500
67210 31499 64.2246 5.75579 12.2815 0.0769109 0 3500 5500
49500 31499 43.63 8.4727 13.315 0 0 3500 5500
49500 31499 43.5726 8.48385 13.3325 0 0 3500 5500
38500 31499 48.8803 7.56263 9.24372 0 0 4500 5500
38500 31499 61.9374 5.96834 7.29504 0 0 4500 5500
38500 31499 41.1006 8.99413 10.9934 0 0 4500 5500
56255 31499 76.1361 4.8553 8.67142 0.114715 0 4500 5500
47496 31499 51.4311 7.18755 10.8381 0.0189405 0 4500 5500
51086 31499 51.3573 7.19788 11.674 0.0701301 0 4500 5500
47707 31499 47.2815 7.81836 11.8416 0.0835427 0 4500 5500
38500 31499 40.2553 9.18299 11.2243 0 0 4500 5500
38500 31499 40.6332 9.09758 11.1199 0 0 4500 5500
38500 31499 41.1278 8.98818 10.9862 0 0 4500 5500
38500 31499 40.2242 9.19007 11.2329 0 0 4500 5500
43548 31499 45.2996 8.16041 11.2822 0.0149756 0 4500 5500
38500 31499 44.462 8.31415 10.1623 0 0 4500 5500
38500 31499 39.103 9.45359 11.555 0 0 4500 5500
38500 31499 40.7288 9.07622 11.0938 0 0 4500 5500
38500 31499 39.4912 9.36067 11.4414 0 0 4500 5500
38500 31499 39.785 9.29154 11.3569 0 0 4500 5500
53325 31499 53.1199 6.95904 11.7813 0.111895 0 4500 5500
38500 31499 39.8691 9.27194 11.333 0 0 4500 5500
38500 31499 39.6974 9.31204 11.382 0 0 4500 5500
38500 31499 39.792 9.28991 11.355 0 0 4500 5500
38500 31499 41.781 8.84765 10.8144 0 0 4500 5500
38500 31499 39.7439 9.30115 11.3687 0 0 4500 5500
38500 31499 40.6944 9.0839 11.1032 0 0 4500 5500
38500 31499 40.8404 9.05142 11.0635 0 0 4500 5500
38500 31499 39.7574 9.29799 11.3648 0 0 4500 5500
48089 31499 50.4798 7.32301 11.1802 0.0293782 0 4500 5500
44145 31499 40.0247 9.2359 12.9442 0.0127874 0 4500 5500
38512 31499 40.2913 9.17478 11.2177 6.38745e-05 0 4500 5500
38500 31499 40.4799 9.13204 11.162 0 0 4500 5500
38500 31499 40.1447 9.20827 11.2552 0 0 4500 5500
38500 31499 39.2207 9.42523 11.5204 0 0 4500 5500
47321 31499 46.6715 7.92055 11.8993 0.035711 0 4500 5500
38500 31499 40.3323 9.16546 11.2028 0 0 4500 5500
43234 31499 45.3738 8.14707 11.1825 0.0145915 0 4500 5500
43642 31499 39.9392 9.25567 12.8241 0.0117822 0 4500 5500
38500 31499 40.6048 9.10395 11.1277 0 0 4500 5500
38500 31499 39.7558 9.29837 11.3653 0 0 4500 5500
38500 31499 39.7002 9.31137 11.3812 0 0 4500 5500
43303 31499 44.348 8.33551 11.4594 0.0258864 0 4500 5500
38500 31499 73.316 5.04206 6.16285 0 0 4500 5500
38500 31499 43.0083 8.59517 10.5058 0 0 4500 5500
38500 31499 41.371 8.93534 10.9216 0 0 4500 5500
43634 31499 43.5045 8.49714 11.7709 0.0641095 0 4500 5500
38500 31499 40.0273 9.23528 11.2882 0 0 4500 5500
43299 31499 44.6586 8.27754 11.3787 0.0238381 0 4500 5500
38500 31499 41.9506 8.81189 10.7707 0 0 4500 5500
38500 31499 39.3908 9.38452 11.4706 0 0 4500 5500
38500 31499 40.0101 9.23926 11.293 0 0 4500 5500
47232 31499 51.0674 7.23875 10.8546 0.0383221 0 4500 5500
38500 31499 40.013 9.2386 11.2922 0 0 4500 5500
38500 31499 42.1344 8.77344 10.7237 0 0 4500 5500
47959 31499 51.3598 7.19753 10.9589 0.0257521 0 4500 5500
38500 31499 39.8503 9.27632 11.3383 0 0 4500 5500
38500 31499 39.3425 9.39605 11.4847 0 0 4500 5500
38500 31499 40.0542 9.22908 11.2806 0 0 4500 5500
38500 31499 39.9158 9.26109 11.3197 0 0 4500 5500
38500 31499 41.0737 9.00001 11.0006 0 0 4500 5500
43462 31499 44.3226 8.3403 11.5081 0.032388 0 4500 5500
38500 31499 41.179 8.97698 10.9725 0 0 4500 5500
38500 31499 40.3506 9.1613 11.1978 0 0 4500 5500
38500 31499 39.3252 9.40017 11.4897 0 0 4500 5500
38500 31499 40.1598 9.20481 11.2509 0 0 4500 5500
38500 31499 40.1258 9.21262 11.2605 0 0 4500 5500
38500 31499 41.1391 8.9857 10.9831 0 0 4500 5500
38500 31499 42.2628 8.74679 10.6911 0 0 4500 5500
38500 31499 42.0499 8.79106 10.7452 0 0 4500 5500
38500 31499 39.419 9.3778 11.4624 0 0 4500 5500
43416 31499 43.9924 8.4029 11.5822 0.0728055 0 4500 5500
38607 31499 40.2088 9.1936 11.2685 0.00324056 0 4500 5500
43474 31499 40.4378 9.14153 12.6172 0.0114413 0 4500 5500
38500 31499 40.938 9.02984 11.0371 0 0 4500 5500
38500 31499 41.6349 8.8787 10.8523 0 0 4500 5500
38500 31499 39.4423 9.37227 11.4556 0 0 4500 5500
38500 31499 39.1661 9.43835 11.5364 0 0 4500 5500
38500 31499 40.0883 9.22124 11.271 0 0 4500 5500
38500 31499 41.6321 8.87928 10.8531 0 0 4500 5500
38500 31499 39.4927 9.36031 11.441 0 0 4500 5500
38500 31499 40.4538 9.13793 11.1692 0 0 4500 5500
38500 31499 38.6035 9.57591 11.7045 0 0 4500 5500
38500 31499 40.4735 9.13347 11.1637 0 0 4500 5500
38500 31499 41.0428 9.00678 11.0089 0 0 4500 5500
38500 31499 40.6447 9.09499 11.1167 0 0 4500 5500
38500 31499 39.9559 9.25179 11.3084 0 0 4500 5500
38500 31499 40.7179 9.07865 11.0967 0 0 4500 5500
43257 31499 45.167 8.18438 11.2397 0.0562739 0 4500 5500
38500 31499 41.2422 8.96324 10.9557 0 0 4500 5500
44000 31499 47.3463 7.80766 10.9065 0.0253571 0 4500 5500
49810 31499 52.936 6.98322 11.043 0.0734593 0 4500 5500
38500 31499 40.1889 9.19815 11.2428 0 0 4500 5500
42000 31499 38.2049 9.67582 12.9018 0 0 4500 6000
42000 31499 38.0455 9.71636 12.9559 0 0 4500 6000
42000 31499 38.3038 9.65083 12.8685 0 0 4500 6000
42000 31499 38.3182 9.64722 12.8637 0 0 4500 6000
42000 31499 38.414 9.62314 12.8316 0 0 4500 6000
42000 31499 38.1562 9.68816 12.9183 0 0 4500 6000
42000 31499 38.4539 9.61316 12.8183 0 0 4500 6000
42000 31499 38.4258 9.62021 12.8276 0 0 4500 6000
42000 31499 38.8283 9.52046 12.6946 0 0 4500 6000
42000 31499 38.2354 9.66809 12.8915 0 0 4500 6000
52461 31499 51.128 7.23016 12.042 0.0408954 0 4500 6000
42000 31499 38.1176 9.69797 12.9313 0 0 4500 6000
42000 31499 38.5116 9.59876 12.799 0 0 4500 6000
42000 31499 38.0439 9.71676 12.9564 0 0 4500 6000
42000 31499 38.4422 9.61609 12.8222 0 0 4500 6000
42000 31499 38.7957 9.52846 12.7053 0 0 4500 6000
47435 31499 44.2205 8.35956 12.5891 0.0212893 0 4500 6000
53093 31499 50.6687 7.2957 12.2975 0.0447767 0 4500 6000
46720 31499 43.3216 8.53302 12.6567 0.0162783 0 4500 6000
47089 31499 38.819 9.52276 14.2362 0.0108072 0 4500 6000
42000 31499 38.4943 9.60308 12.8048 0 0 4500 6000
58108 31499 51.0782 7.23721 13.3512 0.0538243 0 4500 6000
42000 31499 38.5953 9.57794 12.7713 0 0 4500 6000
45858 31499 42.4173 8.71493 12.688 0.0164378 0 4500 6000
42000 31499 38.4775 9.60728 12.8104 0 0 4500 6000
63307 31499 60.1394 6.14678 12.3541 0.078905 0 4500 6000
53220 31499 52.0715 7.09916 11.9949 0.0269074 0 4500 6000
42000 31499 38.5684 9.58463 12.7802 0 0 4500 6000
42000 31499 38.7063 9.55048 12.7347 0 0 4500 6000
47627 31499 44.9639 8.22135 12.4311 0.0150987 0 4500 6000
58033 31499 57.4443 6.43516 11.8563 0.0493142 0 4500 6000
42000 31499 38.1603 9.68712 12.9169 0 0 4500 6000
42000 31499 38.1271 9.69556 12.9281 0 0 4500 6000
47710 31499 38.7948 9.52868 14.433 0.0130737 0 4500 6000
42000 31499 38.3983 9.62707 12.8368 0 0 4500 6000
42000 31499 38.4438 9.61569 12.8216 0 0 4500 6000
42000 31499 38.3202 9.6467 12.863 0 0 4500 6000
42000 31499 38.4565 9.61252 12.8174 0 0 4500 6000
42000 31499 38.2043 9.67598 12.902 0 0 4500 6000
42000 31499 38.4015 9.62627 12.8357 0 0 4500 6000
42000 31499 38.5097 9.59922 12.7997 0 0 4500 6000
42000 31499 38.6487 9.56472 12.7537 0 0 4500 6000
42000 31499 38.2178 9.67255 12.8974 0 0 4500 6000
42000 31499 38.1466 9.6906 12.9215 0 0 4500 6000
42000 31499 38.2997 9.65187 12.8699 0 0 4500 6000
42000 31499 38.4471 9.61487 12.8205 0 0 4500 6000
42000 31499 38.3904 9.62908 12.8395 0 0 4500 6000
42000 31499 38.5014 9.60132 12.8025 0 0 4500 6000
42000 31499 38.226 9.67048 12.8947 0 0 4500 6000
42000 31499 38.2931 9.65354 12.8721 0 0 4500 6000
42000 31499 38.2331 9.66868 12.8923 0 0 4500 6000
42000 31499 38.4741 9.60811 12.8115 0 0 4500 6000
42000 31499 38.45 9.61413 12.8195 0 0 4500 6000
42000 31499 38.4623 9.61106 12.8155 0 0 4500 6000
42000 31499 38.271 9.65912 12.8795 0 0 4500 6000
42000 31499 38.1797 9.6822 12.9103 0 0 4500 6000
42000 31499 38.3244 9.64566 12.8616 0 0 4500 6000
42000 31499 38.4591 9.61188 12.8165 0 0 4500 6000
47129 31499 43.7542 8.44864 12.6412 0.0456118 0 4500 6000
42000 31499 38.1262 9.69578 12.9284 0 0 4500 6000
42000 31499 38.2078 9.67509 12.9008 0 0 4500 6000
42000 31499 38.3439 9.64074 12.855 0 0 4500 6000
42000 31499 38.7693 9.53495 12.714 0 0 4500 6000
42000 31499 38.177 9.6829 12.9112 0 0 4500 6000
47588 31499 44.5289 8.30166 12.5423 0.0351553 0 4500 6000
42000 31499 38.3357 9.64279 12.8578 0 0 4500 6000
61617 31499 55.4314 6.66885 13.0456 0.0881751 0 4500 6000
47230 31499 43.1138 8.57413 12.8565 0.052202 0 4500 6000
42000 31499 38.3781 9.63214 12.8436 0 0 4500 6000
42000 31499 38.3534 9.63836 12.8519 0 0 4500 6000
42000 31499 38.3133 9.64845 12.8653 0 0 4500 6000
42000 31499 38.3537 9.63829 12.8518 0 0 4500 6000
42000 31499 38.1452 9.69096 12.922 0 0 4500 6000
42000 31499 38.2667 9.66018 12.8809 0 0 4500 6000
42000 31499 38.2776 9.65744 12.8773 0 0 4500 6000
52862 31499 50.5838 7.30794 12.2646 0.0434638 0 4500 6000
42000 31499 38.5829 9.58102 12.7754 0 0 4500 6000
42000 31499 38.4171 9.62238 12.8305 0 0 4500 6000
42000 31499 38.2373 9.66763 12.8909 0 0 4500 6000
42000 31499 38.2726 9.65871 12.879 0 0 4500 6000
42000 31499 38.4553 9.61283 12.8178 0 0 4500 6000
42000 31499 38.333 9.64349 12.8587 0 0 4500 6000
54712 31499 54.0478 6.83957 11.8802 0.0355867 0 4500 6000
42000 31499 38.3539 9.63823 12.8517 0 0 4500 6000
48000 31499 43.7121 8.45678 12.8872 0.0895226 0 4500 6000
42000 31499 38.5367 9.59251 12.7907 0 0 4500 6000
42000 31499 38.3272 9.64494 12.8606 0 0 4500 6000
42000 31499 38.3129 9.64854 12.8654 0 0 4500 6000
42000 31499 38.5093 9.59935 12.7998 0 0 4500 6000
42000 31499 38.3411 9.64145 12.856 0 0 4500 6000
45500 31499 40.5466 9.11701 13.1697 0 0 4500 6500
45500 31499 40.6641 9.09066 13.1317 0 0 4500 6500
50898 31499 46.6937 7.91678 12.7927 0.0337176 0 4500 6500
51404 31499 45.8858 8.05616 13.1474 0.0441943 0 4500 6500
45500 31499 40.529 9.12097 13.1755 0 0 4500 6500
45500 31499 40.453 9.1381 13.2002 0 0 4500 6500
51085 31499 47.0499 7.85684 12.7425 0.0139644 0 4500 6500
50840 31499 46.4665 7.95549 12.8406 0.0427598 0 4500 6500
45500 31499 40.5118 9.12484 13.1811 0 0 4500 6500
45500 31499 40.5151 9.12409 13.18 0 0 4500 6500
45500 31499 40.3249 9.16712 13.2421 0 0 4500 6500
45500 31499 40.5926 9.10668 13.1548 0 0 4500 6500
45500 31499 40.286 9.17597 13.2549 0 0 4500 6500
45500 31499 40.5779 9.10998 13.1596 0 0 4500 6500
51998 31499 48.0359 7.69557 12.704 0.0160349 0 4500 6500
51624 31499 47.5139 7.78011 12.7512 0.0219655 0 4500 6500
45500 31499 40.5823 9.109 13.1582 0 0 4500 6500
55502 31499 47.7077 7.74851 13.6534 0.0412127 0 4500 6500
45500 31499 40.822 9.0555 13.0809 0 0 4500 6500
45500 31499 40.5708 9.11158 13.1619 0 0 4500 6500
48700 31499 41.1623 8.98063 13.8851 0.00930773 0 4500 6500
45500 31499 40.5154 9.12403 13.1799 0 0 4500 6500
45500 31499 45.5117 8.12238 11.733 0 0 4500 6500
45500 31499 40.7184 9.07854 13.1142 0 0 4500 6500
45500 31499 40.7106 9.08027 13.1167 0 0 4500 6500
57015 31499 47.4977 7.78276 14.0876 0.0390184 0 4500 6500
51133 31499 41.257 8.96002 14.5453 0.0110308 0 4500 6500
45500 31499 40.6638 9.09073 13.1318 0 0 4500 6500
45500 31499 40.6447 9.095 13.1379 0 0 4500 6500
45500 31499 40.6731 9.08865 13.1288 0 0 4500 6500
45500 31499 40.6944 9.0839 13.1219 0 0 4500 6500
56743 31499 53.3382 6.93056 12.4852 0.0631159 0 4500 6500
45500 31499 40.3985 9.15044 13.218 0 0 4500 6500
45500 31499 40.62 9.10052 13.1459 0 0 4500 6500
45500 31499 40.6367 9.09679 13.1405 0 0 4500 6500
45500 31499 40.7303 9.07588 13.1103 0 0 4500 6500
45500 31499 40.5551 9.1151 13.167 0 0 4500 6500
45500 31499 40.4811 9.13177 13.1911 0 0 4500 6500
45500 31499 40.6296 9.09839 13.1428 0 0 4500 6500
50776 31499 46.5786 7.93635 12.7936 0.0162149 0 4500 6500
45500 31499 40.5264 9.12156 13.1763 0 0 4500 6500
45500 31499 40.479 9.13224 13.1917 0 0 4500 6500
45500 31499 40.6282 9.0987 13.1433 0 0 4500 6500
50889 31499 40.8276 9.05426 14.6282 0.0105897 0 4500 6500
45500 31499 40.4253 9.14435 13.2092 0 0 4500 6500
51153 31499 47.0159 7.86252 12.7687 0.021048 0 4500 6500
45500 31499 40.2393 9.18663 13.2703 0 0 4500 6500
45500 31499 40.4341 9.14237 13.2064 0 0 4500 6500
45615 31499 40.7602 9.06924 13.1338 0.00112334 0 4500 6500
45500 31499 40.6361 9.09694 13.1407 0 0 4500 6500
51507 31499 40.6939 9.08401 14.8545 0.0116625 0 4500 6500
51303 31499 47.2145 7.82945 12.7523 0.0141974 0 4500 6500
53966 31499 50.6176 7.30307 12.5124 0.0248339 0 4500 6500
51891 31499 47.9588 7.70794 12.6982 0.0210509 0 4500 6500
45500 31499 40.4363 9.14188 13.2057 0 0 4500 6500
51568 31499 47.5184 7.77939 12.7362 0.0149494 0 4500 6500
45500 31499 40.6024 9.10447 13.1516 0 0 4500 6500
45500 31499 40.5677 9.11226 13.1629 0 0 4500 6500
45500 31499 40.5679 9.11222 13.1628 0 0 4500 6500
45500 31499 40.5925 9.10669 13.1548 0 0 4500 6500
45500 31499 40.5826 9.10893 13.1581 0 0 4500 6500
45500 31499 40.6782 9.0875 13.1271 0 0 4500 6500
56934 31499 46.3142 7.98165 14.4271 0.0867045 0 4500 6500
45500 31499 40.4783 9.1324 13.192 0 0 4500 6500
50291 31499 45.9956 8.03694 12.832 0.0142769 0 4500 6500
45500 31499 40.4355 9.14206 13.2059 0 0 4500 6500
45500 31499 40.5313 9.12044 13.1747 0 0 4500 6500
45500 31499 40.4947 9.12869 13.1866 0 0 4500 6500
60010 31499 60.1722 6.14343 11.7044 0.0616895 0 4500 6500
51555 31499 47.5762 7.76993 12.7175 0.0333165 0 4500 6500
51169 31499 45.7544 8.0793 13.1248 0.0837764 0 4500 6500
45500 31499 40.6547 9.09277 13.1347 0 0 4500 6500
45500 31499 40.4206 9.14542 13.2108 0 0 4500 6500
45500 31499 40.5277 9.12125 13.1759 0 0 4500 6500
45500 31499 40.5351 9.11959 13.1735 0 0 4500 6500
45500 31499 40.4675 9.13482 13.1955 0 0 4500 6500
55682 31499 51.0519 7.24093 12.8004 0.0506092 0 4500 6500
51581 31499 47.4223 7.79515 12.7652 0.0146826 0 4500 6500
45500 31499 40.5401 9.11846 13.1718 0 0 4500 6500
45500 31499 40.6303 9.09822 13.1426 0 0 4500 6500
55205 31499 52.2361 7.07678 12.403 0.0318801 0 4500 6500
45500 31499 40.466 9.13516 13.196 0 0 4500 6500
57081 31499 55.6452 6.64323 12.0388 0.0417404 0 4500 6500
45500 31499 40.4447 9.13998 13.2029 0 0 4500 6500
45500 31499 40.3831 9.15392 13.2231 0 0 4500 6500
50810 31499 46.829 7.8939 12.7337 0.0128074 0 4500 6500
45500 31499 40.4954 9.12854 13.1864 0 0 4500 6500
45500 31499 40.512 9.1248 13.181 0 0 4500 6500
57419 31499 54.1056 6.83226 12.4547 0.0500089 0 4500 6500
45500 31499 40.5632 9.11327 13.1643 0 0 4500 6500
39000 31499 96.9881 3.81143 4.71918 0 0 5500 6500
57613 31499 140.352 2.63383 4.81751 0.0579976 0 5500 6500
57568 31499 95.4083 3.87455 7.08134 0.175513 0 5500 6500
39000 31499 80.4651 4.59409 5.68823 0 0 5500 6500
39000 31499 50.0333 7.38836 9.14799 0 0 5500 6500
39000 31499 54.5024 6.78252 8.39787 0 0 5500 6500
39000 31499 58.2978 6.34096 7.85114 0 0 5500 6500
39000 31499 50.5775 7.30886 9.04956 0 0 5500 6500
39000 31499 53.5492 6.90325 8.54736 0 0 5500 6500
39000 31499 53.6577 6.88929 8.53006 0 0 5500 6500
39000 31499 54.5152 6.78093 8.3959 0 0 5500 6500
39000 31499 62.3993 5.92417 7.33509 0 0 5500 6500
39000 31499 58.0955 6.36303 7.87847 0 0 5500 6500
39269 31499 54.586 6.77214 8.44285 0.00324525 0 5500 6500
39000 31499 55.3166 6.68269 8.27426 0 0 5500 6500
39000 31499 52.8668 6.99236 8.65769 0 0 5500 6500
39000 31499 50.0736 7.38241 9.14063 0 0 5500 6500
39000 31499 54.2961 6.80829 8.42977 0 0 5500 6500
39000 31499 63.638 5.80885 7.19231 0 0 5500 6500
39000 31499 52.7787 7.00404 8.67214 0 0 5500 6500
39000 31499 67.8325 5.44966 6.74756 0 0 5500 6500
39000 31499 55.1484 6.70307 8.2995 0 0 5500 6500
39000 31499 64.108 5.76626 7.13958 0 0 5500 6500
39000 31499 49.9863 7.39531 9.1566 0 0 5500 6500
39000 31499 53.9972 6.84597 8.47643 0 0 5500 6500
39000 31499 51.5476 7.1713 8.87924 0 0 5500 6500
39000 31499 61.3745 6.02308 7.45756 0 0 5500 6500
39000 31499 68.1843 5.42153 6.71274 0 0 5500 6500
39000 31499 51.8475 7.12983 8.82789 0 0 5500 6500
