32071 22563 6.99157 52.8728 75.155 0.00192982 0
32097 22563 6.97018 53.035 75.4467 0.00337587 0
32119 22563 7.13146 51.8356 73.791 0.00552411 0
32078 22563 6.93998 53.2658 75.7302 0.00774032 0
32101 22563 7.29822 50.6512 72.0645 0.00557013 0
32124 22563 7.18302 51.4635 73.2727 0.000466602 0
32065 22563 7.18734 51.4326 73.0942 0.00484689 0
32101 22563 7.15137 51.6913 73.5444 0.00212497 0
32072 22563 7.11526 51.9536 73.8508 0.00267176 0
32104 22563 6.96666 53.0618 75.5013 0.00504153 0
33995 22563 7.26756 50.8649 76.6384 0.00582578 0
34072 22563 7.31942 50.5045 76.2678 0.00490731 0
34092 22563 7.39733 49.9726 75.5088 0.00638815 0
34072 22563 7.42531 49.7843 75.1801 0.00421356 0
34031 22563 7.30203 50.6248 76.3574 0.00192478 0
34135 22563 7.31387 50.5429 76.4668 0.00602601 0
34116 22563 7.2696 50.8506 76.8896 0.00469524 0
34002 22563 7.264 50.8898 76.6917 0.00350537 0
33999 22563 7.27406 50.8194 76.5789 0.00198592 0
34029 22563 7.2818 50.7654 76.565 0.00398094 0
38236 22563 13.0024 28.4304 48.1803 0.112992 0.1
38242 22563 12.5042 29.5633 50.1079 0.103136 0.1
38344 22563 12.713 29.0776 49.4161 0.109223 0.1
38461 22563 12.3561 29.9174 50.9985 0.112482 0.1
38206 22563 12.9625 28.518 48.2908 0.116593 0.1
38047 22563 13.2222 27.9579 47.1453 0.102839 0.1
38484 22563 12.479 29.6229 50.5268 0.108026 0.1
38050 22563 13.4951 27.3925 46.1955 0.116629 0.1
37863 22563 13.1343 28.1449 47.2311 0.0952372 0.1
38386 22563 12.6506 29.2211 49.7144 0.116254 0.1
43147 22563 17.0984 21.6197 41.3441 0.208732 0.2
43085 22563 16.9159 21.8531 41.7303 0.213937 0.2
43320 22563 17.9083 20.642 39.6328 0.213415 0.2
43430 22563 18.8102 19.6523 37.8282 0.21788 0.2
43387 22563 16.7652 22.0495 42.4005 0.223742 0.2
43197 22563 17.0508 21.6801 41.5077 0.216031 0.2
43180 22563 18.367 20.1265 38.5181 0.211452 0.2
43364 22563 18.4118 20.0775 38.588 0.22573 0.2
43108 22563 17.2868 21.3841 40.8566 0.219545 0.2
43396 22563 18.5461 19.9321 38.3368 0.20153 0.2
50187 22563 20.1801 18.3182 40.7463 0.322421 0.3
50453 22563 20.5396 17.9976 40.2453 0.314685 0.3
50340 22563 24.4309 15.131 33.7593 0.321309 0.3
50850 22563 19.4426 19.0131 42.8506 0.323062 0.3
50023 22563 20.2346 18.2688 40.5036 0.314159 0.3
50476 22563 21.0676 17.5465 39.2545 0.320667 0.3
50368 22563 23.5319 15.7091 35.0686 0.326294 0.3
50453 22563 21.5053 17.1894 38.438 0.329904 0.3
49968 22563 21.4276 17.2517 38.2066 0.30931 0.3
50562 22563 20.144 18.351 41.1243 0.329846 0.3
59986 22563 25.0795 14.7397 39.1879 0.429496 0.4
59512 22563 23.2426 15.9046 41.9508 0.408281 0.4
59698 22563 28.061 13.1736 34.856 0.424332 0.4
59332 22563 30.8934 11.9658 31.4661 0.42684 0.4
58999 22563 24.8737 14.8616 38.8619 0.4216 0.4
59538 22563 24.629 15.0093 39.6065 0.427128 0.4
59796 22563 27.8283 13.2837 35.205 0.434396 0.4
59619 22563 23.9484 15.4359 40.7877 0.42227 0.4
59864 22563 25.7253 14.3697 38.1264 0.433245 0.4
59622 22563 24.9836 14.7962 39.0995 0.435124 0.4
73799 22563 26.8793 13.7527 44.9835 0.531782 0.5
73408 22563 39.002 9.47806 30.8373 0.536571 0.5
73215 22563 26.7859 13.8007 44.7831 0.532087 0.5
73163 22563 30.1237 12.2715 39.7926 0.536386 0.5
73161 22563 40.4977 9.12802 29.5985 0.533822 0.5
73009 22563 29.0733 12.7149 41.1436 0.54489 0.5
73495 22563 38.5448 9.59049 31.2401 0.550039 0.5
73109 22563 32.7259 11.2958 36.6016 0.539809 0.5
73162 22563 30.0579 12.2984 39.8792 0.53406 0.5
73282 22563 25.7942 14.3313 46.5474 0.531403 0.5
92536 22563 34.224 10.8013 44.2996 0.637248 0.6
93534 22563 34.9431 10.579 43.8559 0.635106 0.6
93755 22563 41.3647 8.93669 37.1351 0.635586 0.6
93414 22563 42.5592 8.68587 35.9616 0.646436 0.6
92534 22563 48.7936 7.57607 31.0712 0.63863 0.6
94066 22563 43.8781 8.42479 35.1241 0.647768 0.6
93473 22563 36.8989 10.0183 41.5042 0.637317 0.6
93267 22563 35.4247 10.4352 43.1362 0.643684 0.6
93513 22563 33.6183 10.9959 45.5739 0.640194 0.6
94144 22563 39.4203 9.3775 39.1285 0.636832 0.6
127581 22563 51.203 7.21957 40.8235 0.741751 0.7
127228 22563 62.7695 5.88923 33.2089 0.737418 0.7
128570 22563 55.9667 6.60506 37.6383 0.737625 0.7
127382 22563 52.8359 6.99645 39.5002 0.734954 0.7
129105 22563 55.611 6.64731 38.0366 0.734294 0.7
127427 22563 49.3013 7.49805 42.347 0.737329 0.7
129311 22563 60.9799 6.06206 34.7431 0.741647 0.7
129614 22563 54.9351 6.72909 38.6564 0.732396 0.7
127141 22563 56.7454 6.51443 36.7092 0.741568 0.7
128983 22563 53.3598 6.92775 39.6039 0.740052 0.7
204535 22563 89.6909 4.12153 37.3628 0.841479 0.8
202557 22563 81.6316 4.52844 40.6545 0.840877 0.8
203494 22563 96.0734 3.84772 34.7031 0.836388 0.8
201873 22563 108.26 3.4146 30.5514 0.833222 0.8
206382 22563 95.8785 3.85554 35.2672 0.83389 0.8
202537 22563 94.5098 3.91138 35.1113 0.842266 0.8
199984 22563 95.6565 3.86449 34.2532 0.837558 0.8
202852 22563 95.9439 3.85292 34.6403 0.838294 0.8
202629 22563 84.1454 4.39315 39.454 0.839231 0.8
203267 22563 80.9004 4.56937 41.1658 0.843858 0.8