50378 31499 41.0015 9.01587 14.4199 0.0096828 0 2500 3500
47706 31499 42.9371 8.60943 13.0395 0.00504717 0 2500 3500
45500 31499 38.701 9.5518 13.7978 0 0 2500 3500
48420 31499 41.3956 8.93003 13.7275 0.00600932 0 2500 3500
47586 31499 39.1629 9.43912 14.2601 0.00438364 0 2500 3500
45691 31499 46.1581 8.00864 11.6172 0.000418025 0 2500 3500
45500 31499 45.5972 8.10716 11.711 0 0 2500 3500
45500 31499 42.4673 8.70467 12.5741 0 0 2500 3500
45500 31499 42.8869 8.6195 12.4511 0 0 2500 3500
45500 31499 39.2658 9.41438 13.5993 0 0 2500 3500
52000 31499 46.4738 7.95424 13.1315 0 0 2500 4000
61486 31499 56.7679 6.51184 12.7114 0.0191089 0 2500 4000
52000 31499 47.6046 7.7653 12.8196 0 0 2500 4000
52000 31499 46.7526 7.90681 13.0532 0 0 2500 4000
57518 31499 54.0663 6.83723 12.4853 0.0333492 0 2500 4000
58647 31499 51.8049 7.13569 13.286 0.0185883 0 2500 4000
60472 31499 56.6492 6.52549 12.528 0.0554144 0 2500 4000
52000 31499 47.1506 7.84006 12.943 0 0 2500 4000
55365 31499 52.6864 7.0163 12.3327 0.00592872 0 2500 4000
58344 31499 56.1041 6.58889 12.2046 0.0114105 0 2500 4000
61569 31499 56.0874 6.59085 12.883 0.00800821 0 2500 4500
70567 31499 67.012 5.51638 12.3586 0.0394867 0 2500 4500
61907 31499 59.1918 6.24518 12.2743 0.0208996 0 2500 4500
68001 31499 64.6642 5.71667 12.3416 0.0569322 0 2500 4500
58977 31499 58.0845 6.36424 11.9163 0.00818735 0 2500 4500
66192 31499 63.0973 5.85863 12.3116 0.0199123 0 2500 4500
66675 31499 62.9526 5.87209 12.4299 0.015442 0 2500 4500
67452 31499 65.8677 5.61221 12.0183 0.0145903 0 2500 4500
58500 31499 55.7733 6.62797 12.3098 0 0 2500 4500
61999 31499 58.0917 6.36345 12.5254 0.00609547 0 2500 4500
40500 31499 42.3938 8.71976 11.2117 0 0 3500 4500
40500 31499 46.0663 8.0246 10.3179 0 0 3500 4500
40500 31499 39.1971 9.4309 12.1261 0 0 3500 4500
40500 31499 41.2169 8.96874 11.5319 0 0 3500 4500
40500 31499 39.4174 9.37819 12.0583 0 0 3500 4500
41156 31499 46.4399 7.96005 10.4007 0.0162334 0 3500 4500
41180 31499 43.5043 8.49717 11.109 0.0108965 0 3500 4500
45136 31499 48.1117 7.68344 11.0101 0.0246686 0 3500 4500
41472 31499 46.5254 7.94541 10.4613 0.00713448 0 3500 4500
40500 31499 36.6224 10.0939 12.9786 0 0 3500 4500
45000 31499 38.6263 9.57027 13.6726 0 0 3500 5000
49501 31499 44.5931 8.2897 13.0277 0.0122977 0 3500 5000
45000 31499 47.4613 7.78873 11.1274 0 0 3500 5000
46047 31499 44.669 8.27562 12.098 0.0304091 0 3500 5000
45160 31499 49.8464 7.41606 10.6326 0.00366819 0 3500 5000
45110 31499 44.663 8.27674 11.8535 0.00176957 0 3500 5000
45022 31499 44.0377 8.39426 11.9983 0.000260327 0 3500 5000
45074 31499 44.4819 8.31043 11.8922 0.000501263 0 3500 5000
45141 31499 44.2092 8.3617 11.9834 0.000312355 0 3500 5000
49054 31499 52.1709 7.08563 11.0348 0.0102974 0 3500 5000
49500 31499 42.4931 8.69937 13.6712 0 0 3500 5500
50370 31499 52.1845 7.08379 11.3279 0.00347226 0 3500 5500
51218 31499 55.6625 6.64116 10.7989 0.00673633 0 3500 5500
54481 31499 60.3625 6.12406 10.5925 0.0484226 0 3500 5500
64173 31499 68.1037 5.42795 11.0586 0.0759517 0 3500 5500
53910 31499 54.1369 6.82831 11.6868 0.0183959 0 3500 5500
49500 31499 51.8477 7.1298 11.2046 0 0 3500 5500
59065 31499 66.6836 5.54354 10.3952 0.036731 0 3500 5500
49500 31499 49.212 7.51166 11.8047 0 0 3500 5500
65100 31499 77.1477 4.79164 9.90326 0.0515414 0 3500 5500
38500 31499 62.9158 5.87553 7.1816 0 0 4500 5500
39339 31499 51.0912 7.23537 9.03644 0.00944028 0 4500 5500
38500 31499 40.5381 9.11892 11.146 0 0 4500 5500
41005 31499 59.9379 6.16745 8.02889 0.0131321 0 4500 5500
39470 31499 54.8221 6.74297 8.44951 0.00778722 0 4500 5500
106685 31499 235.956 1.56666 5.3063 0.367898 0 4500 5500
38500 31499 40.586 9.10816 11.1328 0 0 4500 5500
38500 31499 40.7444 9.07274 11.0895 0 0 4500 5500
38500 31499 41.0476 9.00572 11.0076 0 0 4500 5500
40406 31499 46.5994 7.93281 10.1762 0.0264873 0 4500 5500
42270 31499 45.8452 8.06331 10.8208 0.00373667 0 4500 6000
87156 31499 83.3014 4.43766 12.2791 0.0961301 0 4500 6000
50002 31499 59.6772 6.19439 9.8333 0.105476 0 4500 6000
58410 31499 65.4844 5.64507 10.4681 0.159459 0 4500 6000
42085 31499 40.5478 9.11674 12.1809 0.000642823 0 4500 6000
42000 31499 39.3334 9.39821 12.5316 0 0 4500 6000
109525 31499 171.608 2.15411 7.49022 0.291373 0 4500 6000
42000 31499 37.8976 9.75427 13.0064 0 0 4500 6000
47629 31499 46.4456 7.95906 12.035 0.0422729 0 4500 6000
42000 31499 39.0756 9.46023 12.6143 0 0 4500 6000
45500 31499 40.949 9.02741 13.0403 0 0 4500 6500
45500 31499 39.1175 9.45009 13.6509 0 0 4500 6500
46277 31499 43.2763 8.54194 12.5497 0.00260359 0 4500 6500
46095 31499 56.8465 6.50284 9.51634 0.00286061 0 4500 6500
46561 31499 54.7945 6.74637 9.97254 0.00468372 0 4500 6500
51530 31499 50.3727 7.33857 12.0056 0.0117019 0 4500 6500
46225 31499 53.7847 6.87302 10.0864 0.00321096 0 4500 6500
46465 31499 54.3901 6.79652 10.026 0.00424998 0 4500 6500
48311 31499 50.3003 7.34913 11.2719 0.00613347 0 4500 6500
47054 31499 49.5707 7.4573 11.1402 0.00372764 0 4500 6500
47075 31499 110.112 3.35715 5.01735 0.0660197 0 5500 6500
39000 31499 53.3849 6.9245 8.57366 0 0 5500 6500
39000 31499 58.783 6.28861 7.78633 0 0 5500 6500
39064 31499 70.8669 5.21631 6.46924 0.00167525 0 5500 6500
39409 31499 58.2873 6.34209 7.9349 0.0104053 0 5500 6500
42253 31499 57.37 6.44351 8.64357 0.0681443 0 5500 6500
91874 31499 137.536 2.68776 7.83965 0.286515 0 5500 6500
73111 31499 113.55 3.25552 7.55642 0.21926 0 5500 6500
39000 31499 48.2952 7.65425 9.47721 0 0 5500 6500
73691 31499 102.966 3.59015 8.39925 0.21582 0 5500 6500
51152 31499 41.9835 8.80499 14.299 0.0692519 0 5500 7000
69347 31499 69.1149 5.34854 11.7754 0.0789752 0 5500 7000
80365 31499 91.7304 4.02989 10.2819 0.267555 0 5500 7000
83153 31499 100.198 3.68934 9.73958 0.243601 0 5500 7000
42865 31499 42.1937 8.76111 11.9227 0.0198121 0 5500 7000
60383 31499 62.0677 5.95582 11.4175 0.0592232 0 5500 7000
66548 31499 76.7725 4.81505 10.173 0.123154 0 5500 7000
49777 31499 50.0997 7.37856 11.6604 0.0261987 0 5500 7000
42000 31499 38.8891 9.50559 12.6748 0 0 5500 7000
42000 31499 39.5509 9.34652 12.4627 0 0 5500 7000
47698 31499 43.2733 8.54253 12.936 0.0518102 0 5500 7500
76692 31499 88.0601 4.19786 10.2209 0.191547 0 5500 7500
45000 31499 39.3817 9.38668 13.4103 0 0 5500 7500
73043 31499 84.1583 4.39248 10.186 0.180921 0 5500 7500
79158 31499 92.7523 3.9855 10.0159 0.201241 0 5500 7500
81084 31499 89.2448 4.14213 10.6628 0.204099 0 5500 7500
80572 31499 92.7591 3.9852 10.1941 0.2042 0 5500 7500
51683 31499 47.683 7.75252 12.7205 0.0258853 0 5500 7500
77754 31499 92.7486 3.98565 9.83865 0.197357 0 5500 7500
91256 31499 97.5309 3.79022 10.9809 0.222438 0 5500 7500
