3.14832 40.9282 45500 0 45500 0 0 0 2500 3500 0
3.2973 42.8649 47635 0 45500 2135 0 0 2500 3500 0
2.97117 38.6252 45500 0 45500 0 0 0 2500 3500 0
3.17787 41.3123 48351 0 45500 2851 0 0 2500 3500 0
3.00399 39.0519 45500 0 45500 0 0 0 2500 3500 0
3.54496 46.0844 45500 0 45500 0 0 0 2500 3500 0
3.50115 45.5149 45500 0 45500 0 0 0 2500 3500 0
3.26091 42.3919 45500 0 45500 0 0 0 2500 3500 0
3.29344 42.8147 45500 0 45500 0 0 0 2500 3500 0
3.01503 39.1954 45500 0 45500 0 0 0 2500 3500 0
3.56879 46.3943 52000 0 52000 0 0 0 2500 4000 0
4.35891 56.6658 57915 0 52000 5915 0 0 2500 4000 0
3.65556 47.5223 52000 0 52000 0 0 0 2500 4000 0
3.59002 46.6703 52000 0 52000 0 0 0 2500 4000 0
4.15157 53.9704 57490 0 52000 5490 0 0 2500 4000 0
3.978 51.714 58626 0 52000 6626 0 0 2500 4000 0
4.35121 56.5658 60461 0 52000 8461 0 0 2500 4000 0
3.61974 47.0566 52000 0 52000 0 0 0 2500 4000 0
4.04651 52.6047 55365 0 52000 3365 0 0 2500 4000 0
4.30952 56.0237 58332 0 52000 6332 0 0 2500 4000 0
4.30596 55.9775 61544 0 58500 3044 0 0 2500 4500 0
5.14606 66.8988 66563 0 58500 8063 0 0 2500 4500 0
4.54631 59.102 60332 0 58500 1832 0 0 2500 4500 0
4.96688 64.5694 65899 0 58500 7399 0 0 2500 4500 0
4.46097 57.9926 58500 0 58500 0 0 0 2500 4500 0
4.8465 63.0045 66185 0 58500 7685 0 0 2500 4500 0
4.83534 62.8594 66675 0 58500 8175 0 0 2500 4500 0
5.05944 65.7727 67449 0 58500 8949 0 0 2500 4500 0
4.28321 55.6818 58500 0 58500 0 0 0 2500 4500 0
4.46164 58.0014 61999 0 58500 3499 0 0 2500 4500 0
4.69948 42.2953 40500 0 40500 0 0 0 3500 4500 0
5.10797 45.9717 40500 0 40500 0 0 0 3500 4500 0
4.34473 39.1025 40500 0 40500 0 0 0 3500 4500 0
4.56401 41.0761 40500 0 40500 0 0 0 3500 4500 0
4.36909 39.3218 40500 0 40500 0 0 0 3500 4500 0
5.14728 46.3255 40500 0 40500 0 0 0 3500 4500 0
4.82338 43.4104 40500 0 40500 0 0 0 3500 4500 0
5.33422 48.0079 44284 0 40500 3784 0 0 3500 4500 0
5.15799 46.4219 40500 0 40500 0 0 0 3500 4500 0
4.05859 36.5273 40500 0 40500 0 0 0 3500 4500 0
4.28068 38.5261 45000 0 45000 0 0 0 3500 5000 0
4.94188 44.4769 49396 0 45000 4396 0 0 3500 5000 0
5.26229 47.3606 45000 0 45000 0 0 0 3500 5000 0
4.95039 44.5535 45000 0 45000 0 0 0 3500 5000 0
5.52742 49.7468 45000 0 45000 0 0 0 3500 5000 0
4.95111 44.56 45000 0 45000 0 0 0 3500 5000 0
4.88206 43.9385 45000 0 45000 0 0 0 3500 5000 0
4.93135 44.3821 45000 0 45000 0 0 0 3500 5000 0
4.90128 44.1115 45000 0 45000 0 0 0 3500 5000 0
5.78518 52.0666 48943 0 45000 3943 0 0 3500 5000 0
4.70947 42.3852 49500 0 49500 0 0 0 3500 5500 0
5.78208 52.0387 49500 0 49500 0 0 0 3500 5500 0
6.17208 55.5488 49500 0 49500 0 0 0 3500 5500 0
6.69393 60.2454 49500 0 49500 0 0 0 3500 5500 0
7.55399 67.9859 63573 0 49500 14073 0 0 3500 5500 0
6.00283 54.0255 53611 0 49500 4111 0 0 3500 5500 0
5.74904 51.7414 49500 0 49500 0 0 0 3500 5500 0
7.39715 66.5744 58639 0 49500 9139 0 0 3500 5500 0
5.45626 49.1063 49500 0 49500 0 0 0 3500 5500 0
8.55896 77.0306 64769 0 49500 15269 0 0 3500 5500 0
8.96784 62.7749 38500 0 38500 0 0 0 4500 5500 0
7.28182 50.9727 38500 0 38500 0 0 0 4500 5500 0
5.77503 40.4252 38500 0 38500 0 0 0 4500 5500 0
8.53903 59.7732 39968 0 38500 1468 0 0 4500 5500 0
29.7283 208.098 66043 0 38500 27543 0 0 4500 5500 0
7.81075 54.6752 38500 0 38500 0 0 0 4500 5500 0
33.6724 235.707 68401 0 38500 29901 0 0 4500 5500 0
5.78144 40.4701 38500 0 38500 0 0 0 4500 5500 0
5.80221 40.6155 38500 0 38500 0 0 0 4500 5500 0
5.8465 40.9255 38500 0 38500 0 0 0 4500 5500 0
6.63966 46.4776 38598 0 38500 98 0 0 4500 5500 0
6.52076 45.6453 42098 0 42000 98 0 0 4500 6000 0
10.9602 76.7214 56945 0 42000 14945 0 0 4500 6000 0
8.49923 59.4946 42559 0 42000 559 0 0 4500 6000 0
9.33697 65.3588 52360 0 42000 10360 0 0 4500 6000 0
5.76711 40.3698 42000 0 42000 0 0 0 4500 6000 0
5.60192 39.2135 42000 0 42000 0 0 0 4500 6000 0
24.4953 171.467 81146 0 42000 39146 0 0 4500 6000 0
13.9605 97.7237 50617 0 42000 8617 0 0 4500 6000 0
5.39693 37.7785 42000 0 42000 0 0 0 4500 6000 0
6.61627 46.3139 47403 0 42000 5403 0 0 4500 6000 0
5.56478 38.9535 42000 0 42000 0 0 0 4500 6000 0
5.8311 40.8177 45500 0 45500 0 0 0 4500 6500 0
5.56926 38.9848 45500 0 45500 0 0 0 4500 6500 0
6.15572 43.09 46109 0 45500 609 0 0 4500 6500 0
8.10039 56.7027 45500 0 45500 0 0 0 4500 6500 0
7.80987 54.6691 45500 0 45500 0 0 0 4500 6500 0
7.09528 49.667 45500 0 45500 0 0 0 4500 6500 0
7.66206 53.6344 45500 0 45500 0 0 0 4500 6500 0
7.75078 54.2555 45500 0 45500 0 0 0 4500 6500 0
7.16639 50.1647 45500 0 45500 0 0 0 4500 6500 0
7.05168 49.3618 45500 0 45500 0 0 0 4500 6500 0
18.3287 109.972 39098 0 39000 98 0 0 5500 6500 0
8.87524 53.2515 39000 0 39000 0 0 0 5500 6500 0
9.77472 58.6483 39000 0 39000 0 0 0 5500 6500 0
11.7878 70.727 39000 0 39000 0 0 0 5500 6500 0
17.4818 104.891 39098 0 39000 98 0 0 5500 6500 0
9.68875 58.1325 39000 0 39000 0 0 0 5500 6500 0
9.53908 57.2345 39000 0 39000 0 0 0 5500 6500 0
22.899 137.394 75946 0 39000 36946 0 0 5500 6500 0
18.8999 113.4 39000 0 39000 0 0 0 5500 6500 0
8.02544 48.1526 39000 0 39000 0 0 0 5500 6500 0
17.1364 102.818 39000 0 39000 0 0 0 5500 6500 0
6.97421 41.8452 42000 0 42000 0 0 0 5500 7000 0
11.4949 68.9692 48301 0 42000 6301 0 0 5500 7000 0
15.261 91.5659 48270 0 42000 6270 0 0 5500 7000 0
16.674 100.044 43463 0 42000 1463 0 0 5500 7000 0
7.00837 42.0503 42000 0 42000 0 0 0 5500 7000 0
10.3162 61.8971 47026 0 42000 5026 0 0 5500 7000 0
12.7712 76.6271 46839 0 42000 4839 0 0 5500 7000 0
8.3252 49.9512 47634 0 42000 5634 0 0 5500 7000 0
6.45745 38.7447 42000 0 42000 0 0 0 5500 7000 0
6.55402 39.3241 42000 0 42000 0 0 0 5500 7000 0
7.18103 43.0862 45000 0 45000 0 0 0 5500 7500 0
14.6496 87.8978 45000 0 45000 0 0 0 5500 7500 0
6.53939 39.2364 45000 0 45000 0 0 0 5500 7500 0
13.9992 83.9951 45000 0 45000 0 0 0 5500 7500 0
15.4284 92.5705 47031 0 45000 2031 0 0 5500 7500 0
14.8482 89.0893 45000 0 45000 0 0 0 5500 7500 0
15.4316 92.5896 45000 0 45000 0 0 0 5500 7500 0
7.92121 47.5273 51302 0 45000 6302 0 0 5500 7500 0
15.4311 92.5865 45000 0 45000 0 0 0 5500 7500 0
16.2239 97.3434 46679 0 45000 1679 0 0 5500 7500 0
3.21911 41.8484 45598 0 45500 98 0 0 2500 3500 0
3.98655 51.8252 50886 0 45500 5386 0 0 2500 3500 0
4.11844 53.5398 50869 0 45500 5369 0 0 2500 3500 0
3.1261 40.6394 45500 0 45500 0 0 0 2500 3500 0
3.1351 40.7563 45500 0 45500 0 0 0 2500 3500 0
3.23555 42.0622 45500 0 45500 0 0 0 2500 3500 0
3.57508 46.4761 49192 0 45500 3692 0 0 2500 3500 0
3.18616 41.42 45500 0 45500 0 0 0 2500 3500 0
3.18213 41.3677 45500 0 45500 0 0 0 2500 3500 0
3.64358 47.3665 51014 0 45500 5514 0 0 2500 3500 0
3.2101 41.7313 45500 0 45500 0 0 0 2500 3500 0
3.15372 40.9983 45500 0 45500 0 0 0 2500 3500 0
3.11259 40.4636 45500 0 45500 0 0 0 2500 3500 0
3.43778 44.6911 48956 0 45500 3456 0 0 2500 3500 0
3.22513 41.9268 45500 0 45500 0 0 0 2500 3500 0
3.12424 40.6151 45500 0 45500 0 0 0 2500 3500 0
3.45494 44.9142 48531 0 45500 3031 0 0 2500 3500 0
3.11123 40.446 45500 0 45500 0 0 0 2500 3500 0
3.13459 40.7497 45500 0 45500 0 0 0 2500 3500 0
3.93141 51.1083 54579 0 45500 9079 0 0 2500 3500 0
3.11082 40.4407 45500 0 45500 0 0 0 2500 3500 0
3.12436 40.6167 45500 0 45500 0 0 0 2500 3500 0
3.67823 47.817 50908 0 45500 5408 0 0 2500 3500 0
3.80925 49.5203 52109 0 45500 6609 0 0 2500 3500 0
3.46504 45.0455 48146 0 45500 2646 0 0 2500 3500 0
3.38935 44.0615 48828 0 45500 3328 0 0 2500 3500 0
3.61735 47.0256 50947 0 45500 5447 0 0 2500 3500 0
3.10748 40.3973 45500 0 45500 0 0 0 2500 3500 0
3.12087 40.5714 45500 0 45500 0 0 0 2500 3500 0
3.10631 40.382 45500 0 45500 0 0 0 2500 3500 0
3.11982 40.5576 45500 0 45500 0 0 0 2500 3500 0
3.14189 40.8446 45500 0 45500 0 0 0 2500 3500 0
3.1026 40.3338 45500 0 45500 0 0 0 2500 3500 0
3.08604 40.1185 45500 0 45500 0 0 0 2500 3500 0
3.10494 40.3642 45500 0 45500 0 0 0 2500 3500 0
3.6763 47.7919 51791 0 45500 6291 0 0 2500 3500 0
3.34786 43.5222 48322 0 45500 2822 0 0 2500 3500 0
3.6159 47.0067 51349 0 45500 5849 0 0 2500 3500 0
3.10667 40.3867 45500 0 45500 0 0 0 2500 3500 0
3.18243 41.3716 46365 0 45500 865 0 0 2500 3500 0
4.06875 52.8938 56269 0 45500 10769 0 0 2500 3500 0
3.77607 49.0889 52976 0 45500 7476 0 0 2500 3500 0
3.62855 47.1711 51396 0 45500 5896 0 0 2500 3500 0
3.62206 47.0868 51366 0 45500 5866 0 0 2500 3500 0
3.10007 40.3009 45500 0 45500 0 0 0 2500 3500 0
3.09535 40.2396 45500 0 45500 0 0 0 2500 3500 0
3.09884 40.2849 45500 0 45500 0 0 0 2500 3500 0
3.09854 40.2811 45500 0 45500 0 0 0 2500 3500 0
3.32614 43.2399 48110 0 45500 2610 0 0 2500 3500 0
3.28188 42.6644 47563 0 45500 2063 0 0 2500 3500 0
3.3438 43.4695 48310 0 45500 2810 0 0 2500 3500 0
3.10605 40.3787 45500 0 45500 0 0 0 2500 3500 0
3.10733 40.3953 45500 0 45500 0 0 0 2500 3500 0
3.87312 50.3506 54174 0 45500 8674 0 0 2500 3500 0
3.26159 42.4006 47060 0 45500 1560 0 0 2500 3500 0
3.55753 46.2478 50442 0 45500 4942 0 0 2500 3500 0
3.11208 40.457 45500 0 45500 0 0 0 2500 3500 0
3.09492 40.2339 45500 0 45500 0 0 0 2500 3500 0
3.10028 40.3037 45500 0 45500 0 0 0 2500 3500 0
3.12143 40.5786 45500 0 45500 0 0 0 2500 3500 0
3.65708 47.5421 51621 0 45500 6121 0 0 2500 3500 0
3.81593 49.6071 53363 0 45500 7863 0 0 2500 3500 0
3.10967 40.4257 45500 0 45500 0 0 0 2500 3500 0
3.1036 40.3468 45500 0 45500 0 0 0 2500 3500 0
3.40378 44.2492 48848 0 45500 3348 0 0 2500 3500 0
3.56248 46.3122 50377 0 45500 4877 0 0 2500 3500 0
3.10606 40.3787 45500 0 45500 0 0 0 2500 3500 0
3.24924 42.2401 47073 0 45500 1573 0 0 2500 3500 0
3.28055 42.6471 47407 0 45500 1907 0 0 2500 3500 0
3.105 40.365 45500 0 45500 0 0 0 2500 3500 0
3.34738 43.5159 49000 0 49000 0 0 0 2500 3500 1
3.66701 47.6711 51585 0 45500 6085 0 0 2500 3500 0
3.32808 43.2651 47935 0 45500 2435 0 0 2500 3500 0
3.45034 44.8544 48600 0 45500 3100 0 0 2500 3500 0
3.3569 43.6397 48233 0 45500 2733 0 0 2500 3500 0
3.09792 40.2729 45500 0 45500 0 0 0 2500 3500 0
3.11015 40.4319 45500 0 45500 0 0 0 2500 3500 0
3.2794 42.6322 47528 0 45500 2028 0 0 2500 3500 0
3.10388 40.3504 45500 0 45500 0 0 0 2500 3500 0
3.09315 40.211 45500 0 45500 0 0 0 2500 3500 0
3.35765 43.6495 48367 0 45500 2867 0 0 2500 3500 0
3.3355 43.3615 47994 0 45500 2494 0 0 2500 3500 0
3.63669 47.277 51638 0 45500 6138 0 0 2500 3500 0
3.74286 48.6572 52643 0 45500 7143 0 0 2500 3500 0
3.10715 40.3929 45500 0 45500 0 0 0 2500 3500 0
3.09728 40.2647 45500 0 45500 0 0 0 2500 3500 0
3.72684 48.449 52341 0 45500 6841 0 0 2500 3500 0
3.3452 43.4876 48248 0 45500 2748 0 0 2500 3500 0
3.10412 40.3536 45500 0 45500 0 0 0 2500 3500 0
3.10999 40.4299 45500 0 45500 0 0 0 2500 3500 0
3.10635 40.3825 45500 0 45500 0 0 0 2500 3500 0
3.79809 49.3752 55219 0 52000 3219 0 0 2500 4000 0
4.39642 57.1534 61999 0 52000 9999 0 0 2500 4000 0
3.50876 45.6139 52000 0 52000 0 0 0 2500 4000 0
3.51309 45.6702 52000 0 52000 0 0 0 2500 4000 0
4.00112 52.0146 57529 0 52000 5529 0 0 2500 4000 0
4.50055 58.5071 62737 0 52000 10737 0 0 2500 4000 0
3.51488 45.6934 52000 0 52000 0 0 0 2500 4000 0
4.01235 52.1605 57682 0 52000 5682 0 0 2500 4000 0
4.49909 58.4882 62829 0 52000 10829 0 0 2500 4000 0
3.80854 49.5111 55433 0 52000 3433 0 0 2500 4000 0
3.50089 45.5116 52000 0 52000 0 0 0 2500 4000 0
3.96703 51.5714 57170 0 52000 5170 0 0 2500 4000 0
3.51456 45.6892 52000 0 52000 0 0 0 2500 4000 0
3.50566 45.5736 52000 0 52000 0 0 0 2500 4000 0
3.49289 45.4076 52000 0 52000 0 0 0 2500 4000 0
3.76054 48.8871 54749 0 52000 2749 0 0 2500 4000 0
3.51172 45.6523 52000 0 52000 0 0 0 2500 4000 0
3.50109 45.5141 52000 0 52000 0 0 0 2500 4000 0
3.81287 49.5673 55576 0 52000 3576 0 0 2500 4000 0
3.51226 45.6593 52000 0 52000 0 0 0 2500 4000 0
3.50373 45.5485 52000 0 52000 0 0 0 2500 4000 0
3.53969 46.0159 52000 0 52000 0 0 0 2500 4000 0
3.5223 45.7899 52000 0 52000 0 0 0 2500 4000 0
4.58034 59.5444 64061 0 52000 12061 0 0 2500 4000 0
4.54378 59.0692 63583 0 52000 11583 0 0 2500 4000 0
3.82179 49.6833 55464 0 52000 3464 0 0 2500 4000 0
3.74776 48.7209 54782 0 52000 2782 0 0 2500 4000 0
3.76258 48.9135 55015 0 52000 3015 0 0 2500 4000 0
3.5084 45.6092 52000 0 52000 0 0 0 2500 4000 0
4.09261 53.2039 58690 0 52000 6690 0 0 2500 4000 0
3.79701 49.3612 55144 0 52000 3144 0 0 2500 4000 0
4.12488 53.6234 58965 0 52000 6965 0 0 2500 4000 0
4.04767 52.6197 58141 0 52000 6141 0 0 2500 4000 0
3.50893 45.6161 52000 0 52000 0 0 0 2500 4000 0
3.5136 45.6768 52000 0 52000 0 0 0 2500 4000 0
3.82285 49.697 55560 0 52000 3560 0 0 2500 4000 0
3.81373 49.5785 55469 0 52000 3469 0 0 2500 4000 0
3.83129 49.8067 55548 0 52000 3548 0 0 2500 4000 0
3.8272 49.7535 55539 0 52000 3539 0 0 2500 4000 0
3.51506 45.6958 52000 0 52000 0 0 0 2500 4000 0
3.82571 49.7343 55505 0 52000 3505 0 0 2500 4000 0
3.52158 45.7806 52000 0 52000 0 0 0 2500 4000 0
4.7858 62.2154 66195 0 52000 14195 0 0 2500 4000 0
3.85461 50.1099 55823 0 52000 3823 0 0 2500 4000 0
3.78838 49.2489 55188 0 52000 3188 0 0 2500 4000 0
3.50983 45.6278 52000 0 52000 0 0 0 2500 4000 0
4.0306 52.3978 57604 0 52000 5604 0 0 2500 4000 0
3.5305 45.8965 52000 0 52000 0 0 0 2500 4000 0
4.2879 55.7427 61272 0 52000 9272 0 0 2500 4000 0
4.00179 52.0232 57697 0 52000 5697 0 0 2500 4000 0
3.49091 45.3819 52000 0 52000 0 0 0 2500 4000 0
4.37819 56.9165 61848 0 52000 9848 0 0 2500 4000 0
3.74989 48.7486 54652 0 52000 2652 0 0 2500 4000 0
3.51075 45.6397 52000 0 52000 0 0 0 2500 4000 0
5.07042 65.9155 69597 0 52000 17597 0 0 2500 4000 0
3.77858 49.1216 55312 0 52000 3312 0 0 2500 4000 0
3.49353 45.4158 52000 0 52000 0 0 0 2500 4000 0
3.77098 49.0227 54844 0 52000 2844 0 0 2500 4000 0
4.64886 60.4352 64341 0 52000 12341 0 0 2500 4000 0
3.51142 45.6484 52000 0 52000 0 0 0 2500 4000 0
3.78406 49.1928 55028 0 52000 3028 0 0 2500 4000 0
3.50683 45.5888 52000 0 52000 0 0 0 2500 4000 0
4.05899 52.7669 57586 0 52000 5586 0 0 2500 4000 0
3.64907 47.4379 53492 0 52000 1492 0 0 2500 4000 0
3.50934 45.6214 52000 0 52000 0 0 0 2500 4000 0
3.68618 47.9204 53890 0 52000 1890 0 0 2500 4000 0
3.52092 45.772 52000 0 52000 0 0 0 2500 4000 0
3.50735 45.5955 52000 0 52000 0 0 0 2500 4000 0
3.84848 50.0302 55709 0 52000 3709 0 0 2500 4000 0
3.52794 45.8632 52000 0 52000 0 0 0 2500 4000 0
3.53376 45.9389 52000 0 52000 0 0 0 2500 4000 0
3.78037 49.1448 56000 0 56000 0 0 0 2500 4000 1
3.84146 49.939 55542 0 52000 3542 0 0 2500 4000 0
3.51528 45.6986 52000 0 52000 0 0 0 2500 4000 0
4.25042 55.2554 60861 0 52000 8861 0 0 2500 4000 0
3.53003 45.8903 52000 0 52000 0 0 0 2500 4000 0
3.81145 49.5488 55411 0 52000 3411 0 0 2500 4000 0
4.05421 52.7048 57911 0 52000 5911 0 0 2500 4000 0
4.71119 61.2454 64955 0 52000 12955 0 0 2500 4000 0
4.67432 60.7662 64953 0 52000 12953 0 0 2500 4000 0
4.12793 53.663 58863 0 52000 6863 0 0 2500 4000 0
3.51347 45.6751 52000 0 52000 0 0 0 2500 4000 0
3.84609 49.9992 55513 0 52000 3513 0 0 2500 4000 0
3.83068 49.7989 55453 0 52000 3453 0 0 2500 4000 0
3.48812 45.3456 52000 0 52000 0 0 0 2500 4000 0
3.52591 45.8369 52000 0 52000 0 0 0 2500 4000 0
3.84974 50.0466 52000 0 52000 0 0 0 2500 4000 0
3.94071 51.2293 54144 0 52000 2144 0 0 2500 4000 0
4.65705 60.5417 57743 0 52000 5743 0 0 2500 4000 0
4.91123 63.8459 63226 0 52000 11226 0 0 2500 4000 0
4.48599 58.3179 60415 0 58500 1915 0 0 2500 4500 0
7.9909 103.882 67759 0 58500 9259 0 0 2500 4500 0
4.94754 64.318 68155 0 58500 9655 0 0 2500 4500 0
3.95212 51.3775 58500 0 58500 0 0 0 2500 4500 0
3.95393 51.4011 58500 0 58500 0 0 0 2500 4500 0
4.00882 52.1147 58500 0 58500 0 0 0 2500 4500 0
4.62601 60.1382 66368 0 58500 7868 0 0 2500 4500 0
4.31089 56.0415 62268 0 58500 3768 0 0 2500 4500 0
5.06713 65.8727 72906 0 58500 14406 0 0 2500 4500 0
4.25884 55.3649 62280 0 58500 3780 0 0 2500 4500 0
4.2735 55.5555 61440 0 58500 2940 0 0 2500 4500 0
3.92395 51.0113 58500 0 58500 0 0 0 2500 4500 0
5.21222 67.7588 72643 0 58500 14143 0 0 2500 4500 0
4.2897 55.7661 62523 0 58500 4023 0 0 2500 4500 0
4.53668 58.9768 65264 0 58500 6764 0 0 2500 4500 0
5.19846 67.58 72518 0 58500 14018 0 0 2500 4500 0
3.93304 51.1295 58500 0 58500 0 0 0 2500 4500 0
4.28486 55.7032 62411 0 58500 3911 0 0 2500 4500 0
3.94094 51.2322 58500 0 58500 0 0 0 2500 4500 0
3.94472 51.2813 58500 0 58500 0 0 0 2500 4500 0
5.05714 65.7428 71047 0 58500 12547 0 0 2500 4500 0
4.1484 53.9292 60972 0 58500 2472 0 0 2500 4500 0
3.94134 51.2374 58500 0 58500 0 0 0 2500 4500 0
4.29287 55.8073 62317 0 58500 3817 0 0 2500 4500 0
3.94322 51.2618 58500 0 58500 0 0 0 2500 4500 0
3.93446 51.148 58500 0 58500 0 0 0 2500 4500 0
5.34911 69.5385 74110 0 58500 15610 0 0 2500 4500 0
4.28076 55.6499 62484 0 58500 3984 0 0 2500 4500 0
3.94907 51.338 58500 0 58500 0 0 0 2500 4500 0
5.74663 74.7062 77462 0 58500 18962 0 0 2500 4500 0
3.94249 51.2523 58500 0 58500 0 0 0 2500 4500 0
4.83562 62.863 68178 0 58500 9678 0 0 2500 4500 0
4.28555 55.7122 62315 0 58500 3815 0 0 2500 4500 0
3.93419 51.1445 58500 0 58500 0 0 0 2500 4500 0
3.93381 51.1395 58500 0 58500 0 0 0 2500 4500 0
3.9299 51.0887 58500 0 58500 0 0 0 2500 4500 0
3.94199 51.2459 58500 0 58500 0 0 0 2500 4500 0
3.94758 51.3186 58500 0 58500 0 0 0 2500 4500 0
4.62603 60.1384 65963 0 58500 7463 0 0 2500 4500 0
4.56434 59.3364 65320 0 58500 6820 0 0 2500 4500 0
3.94678 51.3082 58500 0 58500 0 0 0 2500 4500 0
3.93095 51.1024 58500 0 58500 0 0 0 2500 4500 0
4.20075 54.6098 61642 0 58500 3142 0 0 2500 4500 0
3.93605 51.1686 58500 0 58500 0 0 0 2500 4500 0
3.92041 50.9654 58500 0 58500 0 0 0 2500 4500 0
4.60472 59.8614 65635 0 58500 7135 0 0 2500 4500 0
3.92258 50.9936 58500 0 58500 0 0 0 2500 4500 0
4.24101 55.1332 62016 0 58500 3516 0 0 2500 4500 0
3.91445 50.8878 58500 0 58500 0 0 0 2500 4500 0
4.89352 63.6157 69296 0 58500 10796 0 0 2500 4500 0
3.94534 51.2894 58500 0 58500 0 0 0 2500 4500 0
3.93156 51.1102 58500 0 58500 0 0 0 2500 4500 0
4.28862 55.7521 62315 0 58500 3815 0 0 2500 4500 0
4.3341 56.3432 62628 0 58500 4128 0 0 2500 4500 0
3.93473 51.1514 58500 0 58500 0 0 0 2500 4500 0
3.92707 51.0519 58500 0 58500 0 0 0 2500 4500 0
4.60124 59.8161 65978 0 58500 7478 0 0 2500 4500 0
4.29135 55.7876 62879 0 58500 4379 0 0 2500 4500 0
4.94635 64.3026 69775 0 58500 11275 0 0 2500 4500 0
3.93295 51.1283 58500 0 58500 0 0 0 2500 4500 0
3.92142 50.9785 58500 0 58500 0 0 0 2500 4500 0
3.9461 51.2992 58500 0 58500 0 0 0 2500 4500 0
4.63647 60.2741 65977 0 58500 7477 0 0 2500 4500 0
4.88974 63.5666 68975 0 58500 10475 0 0 2500 4500 0
3.93143 51.1085 58500 0 58500 0 0 0 2500 4500 0
3.93023 51.093 58500 0 58500 0 0 0 2500 4500 0
4.65089 60.4616 66610 0 58500 8110 0 0 2500 4500 0
3.922 50.986 58500 0 58500 0 0 0 2500 4500 0
3.92392 51.011 58500 0 58500 0 0 0 2500 4500 0
3.91499 50.8949 58500 0 58500 0 0 0 2500 4500 0
3.93321 51.1317 58500 0 58500 0 0 0 2500 4500 0
3.92814 51.0658 58500 0 58500 0 0 0 2500 4500 0
3.95436 51.4067 58500 0 58500 0 0 0 2500 4500 0
4.60146 59.8189 65970 0 58500 7470 0 0 2500 4500 0
4.03627 52.4715 59626 0 58500 1126 0 0 2500 4500 0
3.93134 51.1075 58500 0 58500 0 0 0 2500 4500 0
4.27036 55.5147 62466 0 58500 3966 0 0 2500 4500 0
3.93544 51.1607 58500 0 58500 0 0 0 2500 4500 0
3.94303 51.2594 58500 0 58500 0 0 0 2500 4500 0
4.58992 59.6689 65961 0 58500 7461 0 0 2500 4500 0
4.30178 55.9231 62544 0 58500 4044 0 0 2500 4500 0
3.93256 51.1233 58500 0 58500 0 0 0 2500 4500 0
4.71412 61.2835 66823 0 58500 8323 0 0 2500 4500 0
3.92914 51.0789 58500 0 58500 0 0 0 2500 4500 0
4.65063 60.4581 66475 0 58500 7975 0 0 2500 4500 0
4.30495 55.9643 62545 0 58500 4045 0 0 2500 4500 0
3.94682 51.3087 58500 0 58500 0 0 0 2500 4500 0
3.93309 51.1301 58500 0 58500 0 0 0 2500 4500 0
3.93913 51.2087 58500 0 58500 0 0 0 2500 4500 0
4.29742 55.8664 62504 0 58500 4004 0 0 2500 4500 0
5.03418 45.3076 40500 0 40500 0 0 0 3500 4500 0
4.69882 42.2894 43919 0 40500 3419 0 0 3500 4500 0
4.21294 37.9165 40500 0 40500 0 0 0 3500 4500 0
4.75225 42.7702 40500 0 40500 0 0 0 3500 4500 0
4.6348 41.7132 44043 0 40500 3543 0 0 3500 4500 0
4.15571 37.4014 40500 0 40500 0 0 0 3500 4500 0
4.45331 40.0798 42565 0 40500 2065 0 0 3500 4500 0
4.34504 39.1054 40500 0 40500 0 0 0 3500 4500 0
4.6647 41.9823 44198 0 40500 3698 0 0 3500 4500 0
4.20613 37.8552 40500 0 40500 0 0 0 3500 4500 0
4.63575 41.7218 40500 0 40500 0 0 0 3500 4500 0
4.21133 37.902 40500 0 40500 0 0 0 3500 4500 0
4.54041 40.8637 43541 0 40500 3041 0 0 3500 4500 0
4.67178 42.046 43938 0 40500 3438 0 0 3500 4500 0
4.25464 38.2918 40500 0 40500 0 0 0 3500 4500 0
4.2128 37.9152 40500 0 40500 0 0 0 3500 4500 0
4.17819 37.6037 40500 0 40500 0 0 0 3500 4500 0
4.15786 37.4207 40500 0 40500 0 0 0 3500 4500 0
4.15951 37.4356 40500 0 40500 0 0 0 3500 4500 0
4.22409 38.0168 40500 0 40500 0 0 0 3500 4500 0
5.74617 51.7155 52355 0 40500 11855 0 0 3500 4500 0
4.18427 37.6585 40500 0 40500 0 0 0 3500 4500 0
4.62466 41.622 43510 0 40500 3010 0 0 3500 4500 0
4.25024 38.2522 40500 0 40500 0 0 0 3500 4500 0
4.4049 39.6441 42137 0 40500 1637 0 0 3500 4500 0
4.18327 37.6495 40500 0 40500 0 0 0 3500 4500 0
4.17473 37.5726 40500 0 40500 0 0 0 3500 4500 0
4.21704 37.9534 40500 0 40500 0 0 0 3500 4500 0
4.15702 37.4132 40500 0 40500 0 0 0 3500 4500 0
4.19912 37.7921 40500 0 40500 0 0 0 3500 4500 0
4.66481 41.9833 44136 0 40500 3636 0 0 3500 4500 0
4.26413 38.3771 40500 0 40500 0 0 0 3500 4500 0
4.19971 37.7974 40500 0 40500 0 0 0 3500 4500 0
4.66973 42.0276 44318 0 40500 3818 0 0 3500 4500 0
4.16161 37.4545 40500 0 40500 0 0 0 3500 4500 0
4.22065 37.9859 40500 0 40500 0 0 0 3500 4500 0
4.71555 42.4399 44313 0 40500 3813 0 0 3500 4500 0
4.53878 40.849 43412 0 40500 2912 0 0 3500 4500 0
4.67932 42.1139 44021 0 40500 3521 0 0 3500 4500 0
4.16106 37.4496 40500 0 40500 0 0 0 3500 4500 0
4.18302 37.6472 40500 0 40500 0 0 0 3500 4500 0
5.4433 48.9897 49672 0 40500 9172 0 0 3500 4500 0
4.6465 41.8185 43927 0 40500 3427 0 0 3500 4500 0
4.17101 37.5391 40500 0 40500 0 0 0 3500 4500 0
4.45806 40.1225 42756 0 40500 2256 0 0 3500 4500 0
4.18267 37.6441 40500 0 40500 0 0 0 3500 4500 0
4.69416 42.2475 44220 0 40500 3720 0 0 3500 4500 0
4.28603 38.5742 40500 0 40500 0 0 0 3500 4500 0
5.11146 46.0031 47196 0 40500 6696 0 0 3500 4500 0
4.18832 37.6949 40500 0 40500 0 0 0 3500 4500 0
4.20842 37.8758 40500 0 40500 0 0 0 3500 4500 0
4.25183 38.2664 40500 0 40500 0 0 0 3500 4500 0
4.18303 37.6473 40500 0 40500 0 0 0 3500 4500 0
4.19832 37.7849 40500 0 40500 0 0 0 3500 4500 0
4.18005 37.6205 40500 0 40500 0 0 0 3500 4500 0
4.16985 37.5286 40500 0 40500 0 0 0 3500 4500 0
4.62048 41.5843 44055 0 40500 3555 0 0 3500 4500 0
4.18389 37.655 40500 0 40500 0 0 0 3500 4500 0
4.20868 37.8782 40500 0 40500 0 0 0 3500 4500 0
4.22893 38.0604 40500 0 40500 0 0 0 3500 4500 0
5.75174 51.7657 51295 0 40500 10795 0 0 3500 4500 0
4.22321 38.0089 40500 0 40500 0 0 0 3500 4500 0
4.23938 38.1545 40500 0 40500 0 0 0 3500 4500 0
4.61543 41.5389 43408 0 40500 2908 0 0 3500 4500 0
4.17046 37.5342 40500 0 40500 0 0 0 3500 4500 0
4.15171 37.3654 40500 0 40500 0 0 0 3500 4500 0
4.16492 37.4843 40500 0 40500 0 0 0 3500 4500 0
4.19122 37.721 40500 0 40500 0 0 0 3500 4500 0
4.12661 37.1395 40500 0 40500 0 0 0 3500 4500 0
4.1738 37.5642 40500 0 40500 0 0 0 3500 4500 0
4.2015 37.8135 40500 0 40500 0 0 0 3500 4500 0
4.15302 37.3772 40500 0 40500 0 0 0 3500 4500 0
4.16481 37.4833 40500 0 40500 0 0 0 3500 4500 0
4.17815 37.6033 40500 0 40500 0 0 0 3500 4500 0
5.52706 49.7436 50508 0 40500 10008 0 0 3500 4500 0
4.2245 38.0205 40500 0 40500 0 0 0 3500 4500 0
4.64806 41.8326 43734 0 40500 3234 0 0 3500 4500 0
4.23568 38.1211 40500 0 40500 0 0 0 3500 4500 0
4.67947 42.1153 44266 0 40500 3766 0 0 3500 4500 0
4.64979 41.8481 43406 0 40500 2906 0 0 3500 4500 0
4.70269 42.3242 44224 0 40500 3724 0 0 3500 4500 0
4.2143 37.9287 40500 0 40500 0 0 0 3500 4500 0
4.22723 38.0451 40500 0 40500 0 0 0 3500 4500 0
4.2112 37.9008 40500 0 40500 0 0 0 3500 4500 0
4.1815 37.6335 40500 0 40500 0 0 0 3500 4500 0
4.64449 41.8004 43990 0 40500 3490 0 0 3500 4500 0
4.3072 38.7648 40500 0 40500 0 0 0 3500 4500 0
4.19916 37.7924 40500 0 40500 0 0 0 3500 4500 0
4.58747 41.2873 43573 0 40500 3073 0 0 3500 4500 0
4.18527 37.6674 40500 0 40500 0 0 0 3500 4500 0
4.4683 40.2147 45000 0 45000 0 0 0 3500 5000 0
4.46563 40.1907 45000 0 45000 0 0 0 3500 5000 0
4.51622 40.646 45000 0 45000 0 0 0 3500 5000 0
5.03511 45.316 49371 0 45000 4371 0 0 3500 5000 0
4.91307 44.2177 48381 0 45000 3381 0 0 3500 5000 0
4.99327 44.9395 49284 0 45000 4284 0 0 3500 5000 0
6.14819 55.3337 58027 0 45000 13027 0 0 3500 5000 0
4.45207 40.0686 45000 0 45000 0 0 0 3500 5000 0
4.4839 40.3551 45000 0 45000 0 0 0 3500 5000 0
5.04837 45.4353 49308 0 45000 4308 0 0 3500 5000 0
4.5227 40.7043 45000 0 45000 0 0 0 3500 5000 0
4.4641 40.1769 45000 0 45000 0 0 0 3500 5000 0
4.43521 39.9169 45000 0 45000 0 0 0 3500 5000 0
4.44976 40.0478 45000 0 45000 0 0 0 3500 5000 0
4.44585 40.0126 45000 0 45000 0 0 0 3500 5000 0
4.46474 40.1827 45000 0 45000 0 0 0 3500 5000 0
4.49777 40.4799 45000 0 45000 0 0 0 3500 5000 0
6.16277 55.4649 57951 0 45000 12951 0 0 3500 5000 0
6.14929 55.3436 57823 0 45000 12823 0 0 3500 5000 0
5.0415 45.3735 49333 0 45000 4333 0 0 3500 5000 0
5.26573 47.3916 51990 0 45000 6990 0 0 3500 5000 0
4.48235 40.3412 45000 0 45000 0 0 0 3500 5000 0
4.48326 40.3493 45000 0 45000 0 0 0 3500 5000 0
6.00821 54.0739 56131 0 45000 11131 0 0 3500 5000 0
4.48167 40.335 45000 0 45000 0 0 0 3500 5000 0
5.04682 45.4214 49457 0 45000 4457 0 0 3500 5000 0
4.45818 40.1236 45000 0 45000 0 0 0 3500 5000 0
5.35071 48.1564 53197 0 45000 8197 0 0 3500 5000 0
6.15625 55.4063 58057 0 45000 13057 0 0 3500 5000 0
4.47436 40.2693 45000 0 45000 0 0 0 3500 5000 0
5.0214 45.1926 49454 0 45000 4454 0 0 3500 5000 0
4.46629 40.1966 45000 0 45000 0 0 0 3500 5000 0
4.46995 40.2295 45000 0 45000 0 0 0 3500 5000 0
4.43191 39.8872 45000 0 45000 0 0 0 3500 5000 0
5.58565 50.2708 53778 0 45000 8778 0 0 3500 5000 0
4.45675 40.1107 45000 0 45000 0 0 0 3500 5000 0
5.05605 45.5045 49486 0 45000 4486 0 0 3500 5000 0
4.477 40.293 45027 0 45000 27 0 0 3500 5000 0
5.02314 45.2083 49413 0 45000 4413 0 0 3500 5000 0
4.98588 44.8729 49192 0 45000 4192 0 0 3500 5000 0
4.45463 40.0917 45000 0 45000 0 0 0 3500 5000 0
4.45029 40.0526 45000 0 45000 0 0 0 3500 5000 0
6.27213 56.4492 58347 0 45000 13347 0 0 3500 5000 0
4.99112 44.9201 48964 0 45000 3964 0 0 3500 5000 0
4.89748 44.0773 48173 0 45000 3173 0 0 3500 5000 0
4.4796 40.3164 45000 0 45000 0 0 0 3500 5000 0
4.43181 39.8863 45000 0 45000 0 0 0 3500 5000 0
4.47069 40.2362 45000 0 45000 0 0 0 3500 5000 0
4.45309 40.0778 45000 0 45000 0 0 0 3500 5000 0
4.95934 44.6341 48946 0 45000 3946 0 0 3500 5000 0
4.45895 40.1305 45000 0 45000 0 0 0 3500 5000 0
4.46842 40.2158 45000 0 45000 0 0 0 3500 5000 0
4.45436 40.0892 45000 0 45000 0 0 0 3500 5000 0
4.48249 40.3424 45000 0 45000 0 0 0 3500 5000 0
4.45648 40.1083 45000 0 45000 0 0 0 3500 5000 0
5.00285 45.0256 49142 0 45000 4142 0 0 3500 5000 0
4.447 40.023 45000 0 45000 0 0 0 3500 5000 0
4.44456 40.001 45000 0 45000 0 0 0 3500 5000 0
5.31088 47.798 51543 0 45000 6543 0 0 3500 5000 0
4.47044 40.2339 45000 0 45000 0 0 0 3500 5000 0
5.32587 47.9328 51898 0 45000 6898 0 0 3500 5000 0
6.03797 54.3418 56964 0 45000 11964 0 0 3500 5000 0
4.43539 39.9185 45000 0 45000 0 0 0 3500 5000 0
5.52559 49.7303 53116 0 45000 8116 0 0 3500 5000 0
4.44668 40.0201 45000 0 45000 0 0 0 3500 5000 0
4.50083 40.5075 45000 0 45000 0 0 0 3500 5000 0
4.98574 44.8716 48996 0 45000 3996 0 0 3500 5000 0
4.45042 40.0538 45000 0 45000 0 0 0 3500 5000 0
4.4355 39.9195 45000 0 45000 0 0 0 3500 5000 0
5.47846 49.3061 52829 0 45000 7829 0 0 3500 5000 0
5.59677 50.371 53638 0 45000 8638 0 0 3500 5000 0
4.44596 40.0136 45000 0 45000 0 0 0 3500 5000 0
4.99333 44.94 49046 0 45000 4046 0 0 3500 5000 0
5.59522 50.357 53802 0 45000 8802 0 0 3500 5000 0
4.45915 40.1323 45000 0 45000 0 0 0 3500 5000 0
4.43933 39.954 45000 0 45000 0 0 0 3500 5000 0
4.93792 44.4413 48740 0 45000 3740 0 0 3500 5000 0
5.03448 45.3103 49589 0 45000 4589 0 0 3500 5000 0
4.74814 42.7332 47335 0 45000 2335 0 0 3500 5000 0
4.48429 40.3586 45000 0 45000 0 0 0 3500 5000 0
4.95538 44.5984 49041 0 45000 4041 0 0 3500 5000 0
4.46133 40.1519 45000 0 45000 0 0 0 3500 5000 0
4.48522 40.367 45000 0 45000 0 0 0 3500 5000 0
4.46207 40.1586 45000 0 45000 0 0 0 3500 5000 0
5.54595 49.9136 53263 0 45000 8263 0 0 3500 5000 0
5.5573 50.0157 53083 0 45000 8083 0 0 3500 5000 0
4.44969 40.0472 45000 0 45000 0 0 0 3500 5000 0
4.48114 40.3303 45000 0 45000 0 0 0 3500 5000 0
5.42395 48.8155 52359 0 45000 7359 0 0 3500 5000 0
4.51426 40.6284 45000 0 45000 0 0 0 3500 5000 0
5.09969 45.8973 51424 0 49500 1924 0 0 3500 5500 0
4.87431 43.8688 49500 0 49500 0 0 0 3500 5500 0
5.57264 50.1538 54824 0 49500 5324 0 0 3500 5500 0
5.45453 49.0908 54151 0 49500 4651 0 0 3500 5500 0
5.42659 48.8393 54687 0 49500 5187 0 0 3500 5500 0
5.47221 49.2499 54423 0 49500 4923 0 0 3500 5500 0
6.11683 55.0515 59884 0 49500 10384 0 0 3500 5500 0
4.90565 44.1508 49500 0 49500 0 0 0 3500 5500 0
5.16822 46.514 52141 0 49500 2641 0 0 3500 5500 0
5.05232 45.4709 51278 0 49500 1778 0 0 3500 5500 0
4.84213 43.5791 49500 0 49500 0 0 0 3500 5500 0
5.4726 49.2534 54343 0 49500 4843 0 0 3500 5500 0
4.84087 43.5678 49500 0 49500 0 0 0 3500 5500 0
4.85572 43.7015 49500 0 49500 0 0 0 3500 5500 0
4.83993 43.5594 49500 0 49500 0 0 0 3500 5500 0
4.84404 43.5964 49500 0 49500 0 0 0 3500 5500 0
7.00479 63.0431 65289 0 49500 15789 0 0 3500 5500 0
4.87847 43.9062 49500 0 49500 0 0 0 3500 5500 0
6.12491 55.1242 58767 0 49500 9267 0 0 3500 5500 0
4.89308 44.0378 49500 0 49500 0 0 0 3500 5500 0
6.01629 54.1467 58738 0 49500 9238 0 0 3500 5500 0
6.09032 54.8129 59231 0 49500 9731 0 0 3500 5500 0
4.84942 43.6448 49500 0 49500 0 0 0 3500 5500 0
4.84987 43.6488 49500 0 49500 0 0 0 3500 5500 0
5.53117 49.7805 54756 0 49500 5256 0 0 3500 5500 0
4.85382 43.6844 49500 0 49500 0 0 0 3500 5500 0
4.84926 43.6434 49500 0 49500 0 0 0 3500 5500 0
4.89267 44.034 49500 0 49500 0 0 0 3500 5500 0
4.84423 43.598 49500 0 49500 0 0 0 3500 5500 0
6.01612 54.1451 58599 0 49500 9099 0 0 3500 5500 0
4.84599 43.6139 49500 0 49500 0 0 0 3500 5500 0
4.85552 43.6997 49500 0 49500 0 0 0 3500 5500 0
4.88855 43.997 49500 0 49500 0 0 0 3500 5500 0
5.42386 48.8148 54047 0 49500 4547 0 0 3500 5500 0
6.073 54.657 59639 0 49500 10139 0 0 3500 5500 0
4.8459 43.6131 49500 0 49500 0 0 0 3500 5500 0
4.86427 43.7785 49500 0 49500 0 0 0 3500 5500 0
4.83247 43.4922 49500 0 49500 0 0 0 3500 5500 0
4.86641 43.7977 49500 0 49500 0 0 0 3500 5500 0
4.86546 43.7892 49500 0 49500 0 0 0 3500 5500 0
4.85297 43.6767 49500 0 49500 0 0 0 3500 5500 0
5.5597 50.0373 54713 0 49500 5213 0 0 3500 5500 0
7.38905 66.5014 67877 0 49500 18377 0 0 3500 5500 0
5.39331 48.5398 53810 0 49500 4310 0 0 3500 5500 0
6.40152 57.6137 61379 0 49500 11879 0 0 3500 5500 0
4.83285 43.4956 49500 0 49500 0 0 0 3500 5500 0
4.83796 43.5417 49500 0 49500 0 0 0 3500 5500 0
5.18987 46.7089 52217 0 49500 2717 0 0 3500 5500 0
5.4661 49.1949 54364 0 49500 4864 0 0 3500 5500 0
5.44627 49.0165 54306 0 49500 4806 0 0 3500 5500 0
6.74196 60.6776 62816 0 49500 13316 0 0 3500 5500 0
4.83515 43.5164 49500 0 49500 0 0 0 3500 5500 0
6.02526 54.2273 59436 0 49500 9936 0 0 3500 5500 0
6.81455 61.3309 62902 0 49500 13402 0 0 3500 5500 0
4.85704 43.7134 49500 0 49500 0 0 0 3500 5500 0
4.8337 43.5033 49500 0 49500 0 0 0 3500 5500 0
4.84607 43.6146 49500 0 49500 0 0 0 3500 5500 0
4.85875 43.7287 49500 0 49500 0 0 0 3500 5500 0
5.50813 49.5732 54493 0 49500 4993 0 0 3500 5500 0
5.37924 48.4132 54398 0 49500 4898 0 0 3500 5500 0
4.82911 43.462 49500 0 49500 0 0 0 3500 5500 0
4.83717 43.5345 49500 0 49500 0 0 0 3500 5500 0
5.37621 48.3859 53819 0 49500 4319 0 0 3500 5500 0
5.9381 53.4429 57951 0 49500 8451 0 0 3500 5500 0
4.84149 43.5734 49500 0 49500 0 0 0 3500 5500 0
4.82386 43.4147 49500 0 49500 0 0 0 3500 5500 0
4.82946 43.4651 49500 0 49500 0 0 0 3500 5500 0
4.82897 43.4608 49500 0 49500 0 0 0 3500 5500 0
4.83044 43.4739 49500 0 49500 0 0 0 3500 5500 0
4.84841 43.6357 49500 0 49500 0 0 0 3500 5500 0
4.83855 43.547 49500 0 49500 0 0 0 3500 5500 0
5.41884 48.7695 54038 0 49500 4538 0 0 3500 5500 0
5.46512 49.186 54417 0 49500 4917 0 0 3500 5500 0
4.83091 43.4782 49500 0 49500 0 0 0 3500 5500 0
4.84311 43.588 49500 0 49500 0 0 0 3500 5500 0
4.84449 43.6004 49500 0 49500 0 0 0 3500 5500 0
5.4358 48.9222 54175 0 49500 4675 0 0 3500 5500 0
4.84753 43.6278 49500 0 49500 0 0 0 3500 5500 0
5.43035 48.8731 54196 0 49500 4696 0 0 3500 5500 0
7.13295 64.1965 68741 0 49500 19241 0 0 3500 5500 0
4.84341 43.5907 49500 0 49500 0 0 0 3500 5500 0
4.83068 43.4761 49500 0 49500 0 0 0 3500 5500 0
4.84128 43.5715 49500 0 49500 0 0 0 3500 5500 0
4.8396 43.5564 49500 0 49500 0 0 0 3500 5500 0
4.82034 43.383 49500 0 49500 0 0 0 3500 5500 0
5.44243 48.9818 54137 0 49500 4637 0 0 3500 5500 0
4.82392 43.4153 49500 0 49500 0 0 0 3500 5500 0
7.12411 64.117 67008 0 49500 17508 0 0 3500 5500 0
4.83559 43.5204 49500 0 49500 0 0 0 3500 5500 0
4.82805 43.4524 49500 0 49500 0 0 0 3500 5500 0
6.94752 48.6326 38500 0 38500 0 0 0 4500 5500 0
8.83221 61.8255 38500 0 38500 0 0 0 4500 5500 0
5.85439 40.9807 38500 0 38500 0 0 0 4500 5500 0
10.859 76.0129 52804 0 38500 14304 0 0 4500 5500 0
7.33101 51.3171 38500 0 38500 0 0 0 4500 5500 0
7.31966 51.2376 49620 0 38500 11120 0 0 4500 5500 0
6.73846 47.1692 46057 0 38500 7557 0 0 4500 5500 0
5.7343 40.1401 38500 0 38500 0 0 0 4500 5500 0
5.78885 40.5219 38500 0 38500 0 0 0 4500 5500 0
5.85933 41.0153 38500 0 38500 0 0 0 4500 5500 0
5.72978 40.1085 38500 0 38500 0 0 0 4500 5500 0
6.45512 45.1859 42897 0 38500 4397 0 0 4500 5500 0
6.33 44.31 38500 0 38500 0 0 0 4500 5500 0
5.56997 38.9898 38500 0 38500 0 0 0 4500 5500 0
5.80199 40.614 38500 0 38500 0 0 0 4500 5500 0
5.62468 39.3728 38500 0 38500 0 0 0 4500 5500 0
5.66839 39.6788 38500 0 38500 0 0 0 4500 5500 0
7.57191 53.0034 50078 0 44000 6078 0 0 4500 5500 1
5.67938 39.7557 38500 0 38500 0 0 0 4500 5500 0
5.65413 39.5789 38500 0 38500 0 0 0 4500 5500 0
5.66154 39.6308 38500 0 38500 0 0 0 4500 5500 0
5.95237 41.6666 38500 0 38500 0 0 0 4500 5500 0
5.65898 39.6128 38500 0 38500 0 0 0 4500 5500 0
5.79718 40.5803 38500 0 38500 0 0 0 4500 5500 0
5.81023 40.6716 38500 0 38500 0 0 0 4500 5500 0
5.66228 39.636 38500 0 38500 0 0 0 4500 5500 0
7.1947 50.3629 47168 0 38500 8668 0 0 4500 5500 0
5.70191 39.9134 38500 0 38500 0 0 0 4500 5500 0
5.7396 40.1772 38500 0 38500 0 0 0 4500 5500 0
5.76584 40.3609 38500 0 38500 0 0 0 4500 5500 0
5.71817 40.0272 38500 0 38500 0 0 0 4500 5500 0
5.58625 39.1038 38500 0 38500 0 0 0 4500 5500 0
6.65074 46.5552 45483 0 38500 6983 0 0 4500 5500 0
5.74594 40.2216 38500 0 38500 0 0 0 4500 5500 0
6.46581 45.2606 42358 0 38500 3858 0 0 4500 5500 0
5.68921 39.8245 38500 0 38500 0 0 0 4500 5500 0
5.78431 40.4902 38500 0 38500 0 0 0 4500 5500 0
5.66259 39.6382 38500 0 38500 0 0 0 4500 5500 0
5.65481 39.5837 38500 0 38500 0 0 0 4500 5500 0
6.31935 44.2354 41917 0 38500 3417 0 0 4500 5500 0
10.4568 73.1978 38500 0 38500 0 0 0 4500 5500 0
6.12802 42.8961 38500 0 38500 0 0 0 4500 5500 0
5.89328 41.253 38500 0 38500 0 0 0 4500 5500 0
6.19852 43.3896 42619 0 38500 4119 0 0 4500 5500 0
5.70189 39.9132 38500 0 38500 0 0 0 4500 5500 0
6.36349 44.5445 42207 0 38500 3707 0 0 4500 5500 0
5.97635 41.8345 38500 0 38500 0 0 0 4500 5500 0
5.61094 39.2766 38500 0 38500 0 0 0 4500 5500 0
5.69963 39.8974 38500 0 38500 0 0 0 4500 5500 0
7.26903 50.8832 46382 0 38500 7882 0 0 4500 5500 0
5.69969 39.8979 38500 0 38500 0 0 0 4500 5500 0
6.00154 42.0108 38500 0 38500 0 0 0 4500 5500 0
7.32041 51.2429 46900 0 38500 8400 0 0 4500 5500 0
5.67656 39.7359 38500 0 38500 0 0 0 4500 5500 0
5.60447 39.2313 38500 0 38500 0 0 0 4500 5500 0
5.70167 39.9117 38500 0 38500 0 0 0 4500 5500 0
5.68585 39.8009 38500 0 38500 0 0 0 4500 5500 0
5.84474 40.9132 38500 0 38500 0 0 0 4500 5500 0
6.31532 44.2072 41294 0 38500 2794 0 0 4500 5500 0
5.8666 41.0662 38500 0 38500 0 0 0 4500 5500 0
5.7477 40.2339 38500 0 38500 0 0 0 4500 5500 0
5.60119 39.2083 38500 0 38500 0 0 0 4500 5500 0
5.72113 40.0479 38500 0 38500 0 0 0 4500 5500 0
5.70801 39.9561 38500 0 38500 0 0 0 4500 5500 0
5.8602 41.0214 38500 0 38500 0 0 0 4500 5500 0
6.01959 42.1372 38500 0 38500 0 0 0 4500 5500 0
5.99099 41.9369 38500 0 38500 0 0 0 4500 5500 0
5.60899 39.2629 38500 0 38500 0 0 0 4500 5500 0
6.26814 43.877 42186 0 38500 3686 0 0 4500 5500 0
5.69466 39.8626 38500 0 38500 0 0 0 4500 5500 0
5.76032 40.3223 38500 0 38500 0 0 0 4500 5500 0
5.83208 40.8245 38500 0 38500 0 0 0 4500 5500 0
5.92974 41.5082 38500 0 38500 0 0 0 4500 5500 0
5.61808 39.3266 38500 0 38500 0 0 0 4500 5500 0
5.5791 39.0537 38500 0 38500 0 0 0 4500 5500 0
5.70283 39.9198 38500 0 38500 0 0 0 4500 5500 0
5.93129 41.5191 38500 0 38500 0 0 0 4500 5500 0
5.62539 39.3777 38500 0 38500 0 0 0 4500 5500 0
5.76251 40.3376 38500 0 38500 0 0 0 4500 5500 0
5.49398 38.4579 38500 0 38500 0 0 0 4500 5500 0
5.76597 40.3618 38500 0 38500 0 0 0 4500 5500 0
5.84238 40.8967 38500 0 38500 0 0 0 4500 5500 0
5.79054 40.5337 38500 0 38500 0 0 0 4500 5500 0
5.69171 39.842 38500 0 38500 0 0 0 4500 5500 0
5.80051 40.6036 38500 0 38500 0 0 0 4500 5500 0
6.43613 45.0529 41975 0 38500 3475 0 0 4500 5500 0
5.87458 41.122 38500 0 38500 0 0 0 4500 5500 0
6.747 47.229 44000 0 44000 0 0 0 4500 5500 1
7.53984 52.7789 49114 0 38500 10614 0 0 4500 5500 0
5.72539 40.0777 38500 0 38500 0 0 0 4500 5500 0
5.43927 38.0749 42000 0 42000 0 0 0 4500 6000 0
5.41606 37.9124 42000 0 42000 0 0 0 4500 6000 0
5.45288 38.1701 42000 0 42000 0 0 0 4500 6000 0
5.45625 38.1937 42000 0 42000 0 0 0 4500 6000 0
5.47033 38.2923 42000 0 42000 0 0 0 4500 6000 0
5.43338 38.0337 42000 0 42000 0 0 0 4500 6000 0
5.47565 38.3295 42000 0 42000 0 0 0 4500 6000 0
5.47206 38.3044 42000 0 42000 0 0 0 4500 6000 0
5.51968 38.6377 42000 0 42000 0 0 0 4500 6000 0
5.44565 38.1196 42000 0 42000 0 0 0 4500 6000 0
7.28638 51.0047 52205 0 42000 10205 0 0 4500 6000 0
5.4278 37.9946 42000 0 42000 0 0 0 4500 6000 0
5.48348 38.3843 42000 0 42000 0 0 0 4500 6000 0
5.41783 37.9248 42000 0 42000 0 0 0 4500 6000 0
5.46724 38.2706 42000 0 42000 0 0 0 4500 6000 0
5.52499 38.6749 42000 0 42000 0 0 0 4500 6000 0
6.30004 44.1003 47100 0 42000 5100 0 0 4500 6000 0
7.2195 50.5365 52398 0 42000 10398 0 0 4500 6000 0
6.17154 43.2008 46360 0 42000 4360 0 0 4500 6000 0
5.5281 38.6967 42000 0 42000 0 0 0 4500 6000 0
5.48219 38.3753 42000 0 42000 0 0 0 4500 6000 0
7.27969 50.9578 52142 0 42000 10142 0 0 4500 6000 0
5.48188 38.3731 42000 0 42000 0 0 0 4500 6000 0
6.04301 42.3011 45545 0 42000 3545 0 0 4500 6000 0
5.48008 38.3605 42000 0 42000 0 0 0 4500 6000 0
8.57398 60.0179 58068 0 42000 16068 0 0 4500 6000 0
7.42108 51.9475 52721 0 42000 10721 0 0 4500 6000 0
5.49246 38.4472 42000 0 42000 0 0 0 4500 6000 0
5.50505 38.5354 42000 0 42000 0 0 0 4500 6000 0
6.40573 44.8401 47324 0 42000 5324 0 0 4500 6000 0
8.18863 57.3204 57398 0 42000 15398 0 0 4500 6000 0
5.43449 38.0414 42000 0 42000 0 0 0 4500 6000 0
5.42926 38.0048 42000 0 42000 0 0 0 4500 6000 0
5.52443 38.671 42000 0 42000 0 0 0 4500 6000 0
5.46815 38.277 42000 0 42000 0 0 0 4500 6000 0
5.47356 38.3149 42000 0 42000 0 0 0 4500 6000 0
5.45702 38.1991 42000 0 42000 0 0 0 4500 6000 0
5.47095 38.2966 42000 0 42000 0 0 0 4500 6000 0
5.43979 38.0786 42000 0 42000 0 0 0 4500 6000 0
5.4682 38.2774 42000 0 42000 0 0 0 4500 6000 0
5.48415 38.389 42000 0 42000 0 0 0 4500 6000 0
5.49712 38.4798 42000 0 42000 0 0 0 4500 6000 0
5.44199 38.094 42000 0 42000 0 0 0 4500 6000 0
5.42513 37.9759 42000 0 42000 0 0 0 4500 6000 0
5.45327 38.1729 42000 0 42000 0 0 0 4500 6000 0
5.46735 38.2714 42000 0 42000 0 0 0 4500 6000 0
5.46763 38.2734 42000 0 42000 0 0 0 4500 6000 0
5.47443 38.321 42000 0 42000 0 0 0 4500 6000 0
5.44391 38.1074 42000 0 42000 0 0 0 4500 6000 0
5.45301 38.1711 42000 0 42000 0 0 0 4500 6000 0
5.44408 38.1085 42000 0 42000 0 0 0 4500 6000 0
5.47453 38.3217 42000 0 42000 0 0 0 4500 6000 0
5.47549 38.3284 42000 0 42000 0 0 0 4500 6000 0
5.46985 38.2889 42000 0 42000 0 0 0 4500 6000 0
5.44915 38.1441 42000 0 42000 0 0 0 4500 6000 0
5.43691 38.0584 42000 0 42000 0 0 0 4500 6000 0
5.45766 38.2036 42000 0 42000 0 0 0 4500 6000 0
5.47695 38.3387 42000 0 42000 0 0 0 4500 6000 0
6.23274 43.6292 46628 0 42000 4628 0 0 4500 6000 0
5.42635 37.9845 42000 0 42000 0 0 0 4500 6000 0
5.44085 38.086 42000 0 42000 0 0 0 4500 6000 0
5.46002 38.2201 42000 0 42000 0 0 0 4500 6000 0
5.5209 38.6463 42000 0 42000 0 0 0 4500 6000 0
5.43674 38.0572 42000 0 42000 0 0 0 4500 6000 0
6.34299 44.4009 47254 0 42000 5254 0 0 4500 6000 0
5.45977 38.2184 42000 0 42000 0 0 0 4500 6000 0
7.9011 55.3077 55920 0 42000 13920 0 0 4500 6000 0
6.14186 42.993 46742 0 42000 4742 0 0 4500 6000 0
5.46516 38.2561 42000 0 42000 0 0 0 4500 6000 0
5.46228 38.236 42000 0 42000 0 0 0 4500 6000 0
5.45569 38.1899 42000 0 42000 0 0 0 4500 6000 0
5.45384 38.1769 42000 0 42000 0 0 0 4500 6000 0
5.43197 38.0238 42000 0 42000 0 0 0 4500 6000 0
5.44965 38.1475 42000 0 42000 0 0 0 4500 6000 0
5.45099 38.1569 42000 0 42000 0 0 0 4500 6000 0
7.20907 50.4635 52164 0 42000 10164 0 0 4500 6000 0
5.49446 38.4612 42000 0 42000 0 0 0 4500 6000 0
5.47101 38.2971 42000 0 42000 0 0 0 4500 6000 0
5.44417 38.1092 42000 0 42000 0 0 0 4500 6000 0
5.45022 38.1515 42000 0 42000 0 0 0 4500 6000 0
5.47544 38.3281 42000 0 42000 0 0 0 4500 6000 0
5.4585 38.2095 42000 0 42000 0 0 0 4500 6000 0
7.70346 53.9242 54518 0 42000 12518 0 0 4500 6000 0
5.46216 38.2351 42000 0 42000 0 0 0 4500 6000 0
6.22638 43.5847 48000 0 48000 0 0 0 4500 6000 1
5.48738 38.4117 42000 0 42000 0 0 0 4500 6000 0
5.45823 38.2076 42000 0 42000 0 0 0 4500 6000 0
5.4553 38.1871 42000 0 42000 0 0 0 4500 6000 0
5.48441 38.3909 42000 0 42000 0 0 0 4500 6000 0
5.46081 38.2257 42000 0 42000 0 0 0 4500 6000 0
5.77417 40.4192 45500 0 45500 0 0 0 4500 6500 0
5.79123 40.5386 45500 0 45500 0 0 0 4500 6500 0
6.65162 46.5613 50718 0 45500 5218 0 0 4500 6500 0
6.53602 45.7521 51253 0 45500 5753 0 0 4500 6500 0
5.77124 40.3987 45500 0 45500 0 0 0 4500 6500 0
5.75894 40.3126 45500 0 45500 0 0 0 4500 6500 0
6.70325 46.9228 50919 0 45500 5419 0 0 4500 6500 0
6.61909 46.3336 50622 0 45500 5122 0 0 4500 6500 0
5.77006 40.3904 45500 0 45500 0 0 0 4500 6500 0
5.76987 40.3891 45500 0 45500 0 0 0 4500 6500 0
5.74093 40.1865 45500 0 45500 0 0 0 4500 6500 0
5.78007 40.4605 45500 0 45500 0 0 0 4500 6500 0
5.73639 40.1547 45500 0 45500 0 0 0 4500 6500 0
5.77789 40.4453 45500 0 45500 0 0 0 4500 6500 0
6.84384 47.9069 51794 0 45500 6294 0 0 4500 6500 0
6.76896 47.3827 51405 0 45500 5905 0 0 4500 6500 0
5.77718 40.4403 45500 0 45500 0 0 0 4500 6500 0
6.79706 47.5794 51264 0 45500 5764 0 0 4500 6500 0
5.81221 40.6855 45500 0 45500 0 0 0 4500 6500 0
5.77733 40.4413 45500 0 45500 0 0 0 4500 6500 0
5.86099 41.027 45500 0 45500 0 0 0 4500 6500 0
5.76925 40.3848 45500 0 45500 0 0 0 4500 6500 0
6.48291 45.3803 45500 0 45500 0 0 0 4500 6500 0
5.79776 40.5843 45500 0 45500 0 0 0 4500 6500 0
5.79729 40.581 45500 0 45500 0 0 0 4500 6500 0
6.76197 47.3338 50896 0 45500 5396 0 0 4500 6500 0
5.87523 41.1266 45500 0 45500 0 0 0 4500 6500 0
5.78985 40.529 45500 0 45500 0 0 0 4500 6500 0
5.78655 40.5058 45500 0 45500 0 0 0 4500 6500 0
5.79089 40.5362 45500 0 45500 0 0 0 4500 6500 0
5.79497 40.5648 45500 0 45500 0 0 0 4500 6500 0
7.60085 53.206 56408 0 45500 10908 0 0 4500 6500 0
5.75126 40.2588 45500 0 45500 0 0 0 4500 6500 0
5.78419 40.4893 45500 0 45500 0 0 0 4500 6500 0
5.78668 40.5068 45500 0 45500 0 0 0 4500 6500 0
5.79874 40.5912 45500 0 45500 0 0 0 4500 6500 0
5.77448 40.4213 45500 0 45500 0 0 0 4500 6500 0
5.76318 40.3423 45500 0 45500 0 0 0 4500 6500 0
5.78558 40.4991 45500 0 45500 0 0 0 4500 6500 0
6.63548 46.4484 50600 0 45500 5100 0 0 4500 6500 0
5.77129 40.399 45500 0 45500 0 0 0 4500 6500 0
5.76394 40.3476 45500 0 45500 0 0 0 4500 6500 0
5.78544 40.4981 45500 0 45500 0 0 0 4500 6500 0
5.8086 40.6602 45500 0 45500 0 0 0 4500 6500 0
5.75699 40.2989 45500 0 45500 0 0 0 4500 6500 0
6.69831 46.8882 50979 0 45500 5479 0 0 4500 6500 0
5.72955 40.1068 45500 0 45500 0 0 0 4500 6500 0
5.75752 40.3026 45500 0 45500 0 0 0 4500 6500 0
5.80432 40.6302 45500 0 45500 0 0 0 4500 6500 0
5.78612 40.5028 45500 0 45500 0 0 0 4500 6500 0
5.79489 40.5642 45500 0 45500 0 0 0 4500 6500 0
6.72503 47.0752 51101 0 45500 5601 0 0 4500 6500 0
7.21132 50.4792 53763 0 45500 8263 0 0 4500 6500 0
6.83239 47.8267 51488 0 45500 5988 0 0 4500 6500 0
5.75651 40.2956 45500 0 45500 0 0 0 4500 6500 0
6.77039 47.3927 51342 0 45500 5842 0 0 4500 6500 0
5.78152 40.4706 45500 0 45500 0 0 0 4500 6500 0
5.77636 40.4345 45500 0 45500 0 0 0 4500 6500 0
5.77606 40.4324 45500 0 45500 0 0 0 4500 6500 0
5.77982 40.4587 45500 0 45500 0 0 0 4500 6500 0
5.77898 40.4529 45500 0 45500 0 0 0 4500 6500 0
5.79224 40.5457 45500 0 45500 0 0 0 4500 6500 0
6.5966 46.1762 50800 0 45500 5300 0 0 4500 6500 0
5.76416 40.3491 45500 0 45500 0 0 0 4500 6500 0
6.55287 45.8701 50124 0 45500 4624 0 0 4500 6500 0
5.75942 40.316 45500 0 45500 0 0 0 4500 6500 0
5.77191 40.4034 45500 0 45500 0 0 0 4500 6500 0
5.76549 40.3584 45500 0 45500 0 0 0 4500 6500 0
8.57658 60.036 59898 0 45500 14398 0 0 4500 6500 0
6.77722 47.4406 51384 0 45500 5884 0 0 4500 6500 0
6.51699 45.619 50935 0 45500 5435 0 0 4500 6500 0
5.78945 40.5262 45500 0 45500 0 0 0 4500 6500 0
5.75598 40.2919 45500 0 45500 0 0 0 4500 6500 0
5.77024 40.3917 45500 0 45500 0 0 0 4500 6500 0
5.77237 40.4066 45500 0 45500 0 0 0 4500 6500 0
5.76238 40.3366 45500 0 45500 0 0 0 4500 6500 0
7.27404 50.9183 55506 0 45500 10006 0 0 4500 6500 0
6.75553 47.2887 51407 0 45500 5907 0 0 4500 6500 0
5.77293 40.4105 45500 0 45500 0 0 0 4500 6500 0
5.78505 40.4954 45500 0 45500 0 0 0 4500 6500 0
7.44289 52.1003 55019 0 45500 9519 0 0 4500 6500 0
5.76222 40.3355 45500 0 45500 0 0 0 4500 6500 0
7.93004 55.5103 56887 0 45500 11387 0 0 4500 6500 0
5.75927 40.3149 45500 0 45500 0 0 0 4500 6500 0
5.75107 40.2575 45500 0 45500 0 0 0 4500 6500 0
6.671 46.697 50656 0 45500 5156 0 0 4500 6500 0
5.76417 40.3492 45500 0 45500 0 0 0 4500 6500 0
5.76895 40.3827 45500 0 45500 0 0 0 4500 6500 0
7.71009 53.9706 57077 0 45500 11577 0 0 4500 6500 0
5.77622 40.4335 45500 0 45500 0 0 0 4500 6500 0
16.1413 96.8475 39000 0 39000 0 0 0 5500 6500 0
23.3684 140.21 39098 0 39000 98 0 0 5500 6500 0
15.8766 95.2593 39098 0 39000 98 0 0 5500 6500 0
13.3889 80.3335 39000 0 39000 0 0 0 5500 6500 0
8.31468 49.8881 39000 0 39000 0 0 0 5500 6500 0
9.06158 54.3695 39000 0 39000 0 0 0 5500 6500 0
9.69249 58.1549 39000 0 39000 0 0 0 5500 6500 0
8.4037 50.4222 39000 0 39000 0 0 0 5500 6500 0
8.9001 53.4006 39000 0 39000 0 0 0 5500 6500 0
8.92036 53.5222 39000 0 39000 0 0 0 5500 6500 0
9.064 54.384 39000 0 39000 0 0 0 5500 6500 0
9.57598 57.4559 39000 0 39000 0 0 0 5500 6500 0
10.3781 62.2689 39000 0 39000 0 0 0 5500 6500 0
9.65963 57.9578 39000 0 39000 0 0 0 5500 6500 0
9.07491 54.4494 39000 0 39000 0 0 0 5500 6500 0
9.19744 55.1847 39000 0 39000 0 0 0 5500 6500 0
8.7889 52.7334 39000 0 39000 0 0 0 5500 6500 0
8.32319 49.9392 39000 0 39000 0 0 0 5500 6500 0
9.02671 54.1603 39000 0 39000 0 0 0 5500 6500 0
10.5832 63.4991 39000 0 39000 0 0 0 5500 6500 0
8.77325 52.6395 39000 0 39000 0 0 0 5500 6500 0
11.282 67.6921 39000 0 39000 0 0 0 5500 6500 0
9.16886 55.0131 39000 0 39000 0 0 0 5500 6500 0
10.6616 63.9696 39000 0 39000 0 0 0 5500 6500 0
8.30823 49.8494 39000 0 39000 0 0 0 5500 6500 0
8.97751 53.8651 39000 0 39000 0 0 0 5500 6500 0
8.56877 51.4127 39000 0 39000 0 0 0 5500 6500 0
10.207 61.2418 39000 0 39000 0 0 0 5500 6500 0
11.341 68.046 39000 0 39000 0 0 0 5500 6500 0
8.61948 51.7169 39000 0 39000 0 0 0 5500 6500 0
9.82321 58.9393 39000 0 39000 0 0 0 5500 6500 0
9.80547 58.8328 39000 0 39000 0 0 0 5500 6500 0
8.37473 50.2484 39000 0 39000 0 0 0 5500 6500 0
10.0174 60.1044 39000 0 39000 0 0 0 5500 6500 0
9.59195 57.5517 39000 0 39000 0 0 0 5500 6500 0
8.76286 52.5772 39000 0 39000 0 0 0 5500 6500 0
9.13727 54.8236 39000 0 39000 0 0 0 5500 6500 0
9.69147 58.1488 39000 0 39000 0 0 0 5500 6500 0
9.16383 54.983 39000 0 39000 0 0 0 5500 6500 0
8.24714 49.4828 39000 0 39000 0 0 0 5500 6500 0
9.12724 54.7634 39000 0 39000 0 0 0 5500 6500 0
8.96661 53.7997 40607 0 39000 1607 0 0 5500 6500 0
9.37028 56.2217 39000 0 39000 0 0 0 5500 6500 0
8.49554 50.9732 39000 0 39000 0 0 0 5500 6500 0
9.23614 55.4169 39000 0 39000 0 0 0 5500 6500 0
9.21267 55.276 39000 0 39000 0 0 0 5500 6500 0
9.34196 56.0518 39000 0 39000 0 0 0 5500 6500 0
9.30504 55.8302 39000 0 39000 0 0 0 5500 6500 0
7.98142 47.8885 39000 0 39000 0 0 0 5500 6500 0
9.01368 54.0821 39000 0 39000 0 0 0 5500 6500 0
9.03964 54.2379 39000 0 39000 0 0 0 5500 6500 0
9.29641 55.7785 39000 0 39000 0 0 0 5500 6500 0
8.80864 52.8519 39000 0 39000 0 0 0 5500 6500 0
8.50734 51.044 39000 0 39000 0 0 0 5500 6500 0
9.03634 54.218 39000 0 39000 0 0 0 5500 6500 0
8.92143 53.5286 39000 0 39000 0 0 0 5500 6500 0
8.96736 53.8042 42914 0 39000 3914 0 0 5500 6500 0
9.17321 55.0392 39000 0 39000 0 0 0 5500 6500 0
10.9581 65.7487 45598 0 45500 98 0 0 5500 6500 1
9.11557 54.6934 39000 0 39000 0 0 0 5500 6500 0
9.40111 56.4066 41699 0 39000 2699 0 0 5500 6500 0
9.74617 58.477 39000 0 39000 0 0 0 5500 6500 0
11.7619 70.5711 39000 0 39000 0 0 0 5500 6500 0
10.6057 63.6341 39000 0 39000 0 0 0 5500 6500 0
8.63917 51.835 39000 0 39000 0 0 0 5500 6500 0
10.981 65.8863 42866 0 39000 3866 0 0 5500 6500 0
10.6107 63.6645 39000 0 39000 0 0 0 5500 6500 0
9.55982 57.3589 39000 0 39000 0 0 0 5500 6500 0
9.66374 57.9825 45500 0 45500 0 0 0 5500 6500 1
25.4516 152.71 55337 0 39000 16337 0 0 5500 6500 0
8.94329 53.6597 39000 0 39000 0 0 0 5500 6500 0
9.04255 54.2553 39000 0 39000 0 0 0 5500 6500 0
14.0641 84.3845 39000 0 39000 0 0 0 5500 6500 0
9.79063 58.7438 39000 0 39000 0 0 0 5500 6500 0
9.45202 56.7121 39000 0 39000 0 0 0 5500 6500 0
8.69471 52.1683 39000 0 39000 0 0 0 5500 6500 0
10.2248 61.3489 39000 0 39000 0 0 0 5500 6500 0
10.475 62.8498 39000 0 39000 0 0 0 5500 6500 0
9.20336 55.2202 39000 0 39000 0 0 0 5500 6500 0
9.95836 59.7502 39000 0 39000 0 0 0 5500 6500 0
8.99555 53.9733 45500 0 45500 0 0 0 5500 6500 1
8.59182 51.5509 39000 0 39000 0 0 0 5500 6500 0
8.82463 52.9478 39000 0 39000 0 0 0 5500 6500 0
9.04765 54.2859 39000 0 39000 0 0 0 5500 6500 0
9.0376 54.2256 39000 0 39000 0 0 0 5500 6500 0
9.73565 58.4139 39000 0 39000 0 0 0 5500 6500 0
8.93313 53.5988 39000 0 39000 0 0 0 5500 6500 0
9.92775 59.5665 45500 0 45500 0 0 0 5500 6500 1
9.8692 59.2152 39000 0 39000 0 0 0 5500 6500 0
8.66877 52.0126 39000 0 39000 0 0 0 5500 6500 0
8.73982 52.4389 39000 0 39000 0 0 0 5500 6500 0
8.40626 50.4376 39000 0 39000 0 0 0 5500 6500 0
9.24304 55.4583 39000 0 39000 0 0 0 5500 6500 0
9.28142 55.6885 39000 0 39000 0 0 0 5500 6500 0
8.76593 52.5956 39000 0 39000 0 0 0 5500 6500 0
10.3186 61.9116 45598 0 45500 98 0 0 5500 6500 1
9.43856 56.6313 39000 0 39000 0 0 0 5500 6500 0
8.93169 53.5901 39098 0 39000 98 0 0 5500 6500 0
9.07249 54.4349 39000 0 39000 0 0 0 5500 6500 0
9.42728 56.5637 39000 0 39000 0 0 0 5500 6500 0
9.35848 56.1509 39000 0 39000 0 0 0 5500 6500 0
8.82592 52.9555 39000 0 39000 0 0 0 5500 6500 0
9.12003 54.7202 39000 0 39000 0 0 0 5500 6500 0
9.13533 54.812 41274 0 39000 2274 0 0 5500 6500 0
9.14585 54.8751 39000 0 39000 0 0 0 5500 6500 0
8.73723 52.4234 39000 0 39000 0 0 0 5500 6500 0
8.94696 53.6818 39000 0 39000 0 0 0 5500 6500 0
9.16991 55.0195 39098 0 39000 98 0 0 5500 6500 0
9.40967 56.458 39000 0 39000 0 0 0 5500 6500 0
11.0688 66.4128 39000 0 39000 0 0 0 5500 6500 0
10.0099 60.0591 45500 0 45500 0 0 0 5500 6500 1
8.17368 49.0421 39000 0 39000 0 0 0 5500 6500 0
9.11455 54.6873 39000 0 39000 0 0 0 5500 6500 0
9.42963 56.5778 45500 0 45500 0 0 0 5500 6500 1
8.72923 52.3754 39000 0 39000 0 0 0 5500 6500 0
10.6363 63.8175 41542 0 39000 2542 0 0 5500 6500 0
8.52328 51.1397 39000 0 39000 0 0 0 5500 6500 0
8.85281 53.1169 39000 0 39000 0 0 0 5500 6500 0
8.75644 52.5386 39000 0 39000 0 0 0 5500 6500 0
8.95509 53.7306 39000 0 39000 0 0 0 5500 6500 0
8.94131 53.6479 39000 0 39000 0 0 0 5500 6500 0
8.59747 51.5848 39000 0 39000 0 0 0 5500 6500 0
8.78359 52.7015 39000 0 39000 0 0 0 5500 6500 0
8.93962 53.6377 39000 0 39000 0 0 0 5500 6500 0
8.52134 51.128 39000 0 39000 0 0 0 5500 6500 0
8.74683 52.481 39000 0 39000 0 0 0 5500 6500 0
9.74087 58.4452 39000 0 39000 0 0 0 5500 6500 0
9.47723 56.8634 39000 0 39000 0 0 0 5500 6500 0
8.97181 53.8309 39000 0 39000 0 0 0 5500 6500 0
9.11149 54.669 39000 0 39000 0 0 0 5500 6500 0
7.92465 47.5479 47794 0 42000 5794 0 0 5500 7000 0
6.77016 40.621 42000 0 42000 0 0 0 5500 7000 0
8.13285 48.7971 48289 0 42000 6289 0 0 5500 7000 0
6.7431 40.4586 42000 0 42000 0 0 0 5500 7000 0
7.81345 46.8807 49000 0 49000 0 0 0 5500 7000 1
7.8962 47.3772 47192 0 42000 5192 0 0 5500 7000 0
6.82101 40.9261 42000 0 42000 0 0 0 5500 7000 0
6.76359 40.5816 42000 0 42000 0 0 0 5500 7000 0
6.77578 40.6547 42000 0 42000 0 0 0 5500 7000 0
6.88458 41.3075 42000 0 42000 0 0 0 5500 7000 0
6.79756 40.7854 42000 0 42000 0 0 0 5500 7000 0
6.7495 40.497 42000 0 42000 0 0 0 5500 7000 0
7.8693 47.2158 47335 0 42000 5335 0 0 5500 7000 0
7.79646 46.7787 47379 0 42000 5379 0 0 5500 7000 0
6.8387 41.0322 42098 0 42000 98 0 0 5500 7000 0
6.80421 40.8253 42000 0 42000 0 0 0 5500 7000 0
6.68444 40.1066 42000 0 42000 0 0 0 5500 7000 0
6.82279 40.9368 42000 0 42000 0 0 0 5500 7000 0
6.81481 40.8889 42000 0 42000 0 0 0 5500 7000 0
6.70353 40.2212 42000 0 42000 0 0 0 5500 7000 0
6.99007 41.9404 42858 0 42000 858 0 0 5500 7000 0
6.70681 40.2408 42000 0 42000 0 0 0 5500 7000 0
6.91782 41.5069 42000 0 42000 0 0 0 5500 7000 0
6.81084 40.865 42000 0 42000 0 0 0 5500 7000 0
6.83264 40.9958 42000 0 42000 0 0 0 5500 7000 0
6.76333 40.58 42000 0 42000 0 0 0 5500 7000 0
9.13142 54.7885 52865 0 42000 10865 0 0 5500 7000 0
6.83454 41.0072 42000 0 42000 0 0 0 5500 7000 0
6.85505 41.1303 42000 0 42000 0 0 0 5500 7000 0
6.87717 41.263 42000 0 42000 0 0 0 5500 7000 0
6.79717 40.783 42000 0 42000 0 0 0 5500 7000 0
6.7796 40.6776 42000 0 42000 0 0 0 5500 7000 0
6.86372 41.1823 42000 0 42000 0 0 0 5500 7000 0
7.52754 45.1653 45752 0 42000 3752 0 0 5500 7000 0
6.82093 40.9256 42000 0 42000 0 0 0 5500 7000 0
6.81183 40.871 42000 0 42000 0 0 0 5500 7000 0
6.83491 41.0095 42000 0 42000 0 0 0 5500 7000 0
6.78817 40.729 42000 0 42000 0 0 0 5500 7000 0
6.8922 41.3532 42000 0 42000 0 0 0 5500 7000 0
7.86259 47.1755 47199 0 42000 5199 0 0 5500 7000 0
6.85678 41.1407 42000 0 42000 0 0 0 5500 7000 0
6.75209 40.5125 42000 0 42000 0 0 0 5500 7000 0
7.87395 47.2437 47664 0 42000 5664 0 0 5500 7000 0
6.86377 41.1826 42000 0 42000 0 0 0 5500 7000 0
6.80284 40.8171 42000 0 42000 0 0 0 5500 7000 0
6.8608 41.1648 42000 0 42000 0 0 0 5500 7000 0
6.8248 40.9488 42000 0 42000 0 0 0 5500 7000 0
6.90011 41.4007 42000 0 42000 0 0 0 5500 7000 0
6.78483 40.709 42000 0 42000 0 0 0 5500 7000 0
7.72849 46.371 47818 0 42000 5818 0 0 5500 7000 0
6.78673 40.7204 42000 0 42000 0 0 0 5500 7000 0
6.80696 40.8418 42000 0 42000 0 0 0 5500 7000 0
6.72349 40.3409 42000 0 42000 0 0 0 5500 7000 0
6.74367 40.462 42000 0 42000 0 0 0 5500 7000 0
6.77518 40.6511 42000 0 42000 0 0 0 5500 7000 0
6.75523 40.5314 42000 0 42000 0 0 0 5500 7000 0
6.88044 41.2826 42000 0 42000 0 0 0 5500 7000 0
6.73636 40.4181 42000 0 42000 0 0 0 5500 7000 0
6.80597 40.8358 42000 0 42000 0 0 0 5500 7000 0
6.83983 41.039 42000 0 42000 0 0 0 5500 7000 0
6.89406 41.3644 42000 0 42000 0 0 0 5500 7000 0
6.7433 40.4598 42000 0 42000 0 0 0 5500 7000 0
6.78898 40.7339 42000 0 42000 0 0 0 5500 7000 0
6.76254 40.5752 42000 0 42000 0 0 0 5500 7000 0
6.81514 40.8909 42000 0 42000 0 0 0 5500 7000 0
6.82477 40.9486 42000 0 42000 0 0 0 5500 7000 0
6.89286 41.3572 42000 0 42000 0 0 0 5500 7000 0
6.79222 40.7533 42000 0 42000 0 0 0 5500 7000 0
6.90739 41.4443 42000 0 42000 0 0 0 5500 7000 0
6.80333 40.82 42000 0 42000 0 0 0 5500 7000 0
6.80771 40.8463 42000 0 42000 0 0 0 5500 7000 0
12.6341 75.8048 64163 0 42000 22163 0 0 5500 7000 0
8.12057 48.7234 48017 0 42000 6017 0 0 5500 7000 0
6.77994 40.6797 42000 0 42000 0 0 0 5500 7000 0
6.87948 41.2769 42000 0 42000 0 0 0 5500 7000 0
7.88386 47.3032 47482 0 42000 5482 0 0 5500 7000 0
6.95325 41.7195 42000 0 42000 0 0 0 5500 7000 0
6.70909 40.2546 42000 0 42000 0 0 0 5500 7000 0
6.73516 40.4109 42000 0 42000 0 0 0 5500 7000 0
6.87039 41.2223 42000 0 42000 0 0 0 5500 7000 0
6.75918 40.5551 42000 0 42000 0 0 0 5500 7000 0
6.85894 41.1536 42000 0 42000 0 0 0 5500 7000 0
6.93479 41.6087 42000 0 42000 0 0 0 5500 7000 0
6.85292 41.1176 42000 0 42000 0 0 0 5500 7000 0
6.84972 41.0983 42000 0 42000 0 0 0 5500 7000 0
6.75504 40.5303 42000 0 42000 0 0 0 5500 7000 0
8.81824 52.9094 52763 0 42000 10763 0 0 5500 7000 0
6.79854 40.7913 42000 0 42000 0 0 0 5500 7000 0
7.92837 47.5702 47972 0 42000 5972 0 0 5500 7000 0
6.80177 40.8106 42000 0 42000 0 0 0 5500 7000 0
6.74904 40.4942 42000 0 42000 0 0 0 5500 7000 0
6.76724 40.6034 42000 0 42000 0 0 0 5500 7000 0
6.90675 41.4405 42000 0 42000 0 0 0 5500 7000 0
7.91801 47.5081 47929 0 42000 5929 0 0 5500 7000 0
6.89455 41.3673 42000 0 42000 0 0 0 5500 7000 0
6.88926 41.3356 42000 0 42000 0 0 0 5500 7000 0
6.77037 40.6222 42000 0 42000 0 0 0 5500 7000 0
6.81439 40.8864 42000 0 42000 0 0 0 5500 7000 0
6.815 40.89 42000 0 42000 0 0 0 5500 7000 0
9.9834 59.9004 54084 0 42000 12084 0 0 5500 7000 0
6.97132 41.828 45000 0 45000 0 0 0 5500 7500 0
8.39296 50.3578 51028 0 45000 6028 0 0 5500 7500 0
6.95119 41.7071 45000 0 45000 0 0 0 5500 7500 0
6.91007 41.4604 45000 0 45000 0 0 0 5500 7500 0
6.88416 41.305 45000 0 45000 0 0 0 5500 7500 0
6.87255 41.2353 45000 0 45000 0 0 0 5500 7500 0
6.93914 41.6349 45000 0 45000 0 0 0 5500 7500 0
6.90474 41.4285 45000 0 45000 0 0 0 5500 7500 0
6.88916 41.3349 45000 0 45000 0 0 0 5500 7500 0
6.92811 41.5687 45000 0 45000 0 0 0 5500 7500 0
6.90433 41.426 45000 0 45000 0 0 0 5500 7500 0
6.90547 41.4328 45000 0 45000 0 0 0 5500 7500 0
6.93369 41.6021 45000 0 45000 0 0 0 5500 7500 0
6.91917 41.5151 45000 0 45000 0 0 0 5500 7500 0
6.8646 41.1876 45000 0 45000 0 0 0 5500 7500 0
6.88118 41.2871 45000 0 45000 0 0 0 5500 7500 0
6.89565 41.3739 45000 0 45000 0 0 0 5500 7500 0
6.91608 41.4965 45000 0 45000 0 0 0 5500 7500 0
8.2825 49.695 51676 0 45000 6676 0 0 5500 7500 0
6.86119 41.1672 45000 0 45000 0 0 0 5500 7500 0
6.87137 41.2282 45000 0 45000 0 0 0 5500 7500 0
6.87794 41.2676 45000 0 45000 0 0 0 5500 7500 0
6.88203 41.2922 45000 0 45000 0 0 0 5500 7500 0
8.20084 49.205 51615 0 45000 6615 0 0 5500 7500 0
6.90781 41.4469 45000 0 45000 0 0 0 5500 7500 0
6.89876 41.3925 45000 0 45000 0 0 0 5500 7500 0
6.93382 41.603 45000 0 45000 0 0 0 5500 7500 0
6.86519 41.1912 45000 0 45000 0 0 0 5500 7500 0
6.93494 41.6097 45000 0 45000 0 0 0 5500 7500 0
6.88134 41.288 45000 0 45000 0 0 0 5500 7500 0
6.92263 41.5358 45000 0 45000 0 0 0 5500 7500 0
6.87994 41.2796 45000 0 45000 0 0 0 5500 7500 0
6.9162 41.4972 45000 0 45000 0 0 0 5500 7500 0
6.89165 41.3499 45000 0 45000 0 0 0 5500 7500 0
6.92126 41.5275 45000 0 45000 0 0 0 5500 7500 0
6.87209 41.2325 45000 0 45000 0 0 0 5500 7500 0
6.95897 41.7538 45000 0 45000 0 0 0 5500 7500 0
6.92219 41.5331 45000 0 45000 0 0 0 5500 7500 0
6.94863 41.6918 45000 0 45000 0 0 0 5500 7500 0
6.94026 41.6416 45000 0 45000 0 0 0 5500 7500 0
6.87291 41.2374 45000 0 45000 0 0 0 5500 7500 0
6.90335 41.4201 45000 0 45000 0 0 0 5500 7500 0
7.11133 42.668 45000 0 45000 0 0 0 5500 7500 0
6.85371 41.1223 45000 0 45000 0 0 0 5500 7500 0
8.30145 49.8087 52069 0 45000 7069 0 0 5500 7500 0
6.91046 41.4628 45000 0 45000 0 0 0 5500 7500 0
6.89365 41.3619 45000 0 45000 0 0 0 5500 7500 0
6.85671 41.1402 45000 0 45000 0 0 0 5500 7500 0
6.91164 41.4698 45000 0 45000 0 0 0 5500 7500 0
6.89687 41.3812 45000 0 45000 0 0 0 5500 7500 0
6.94388 41.6633 45000 0 45000 0 0 0 5500 7500 0
6.91006 41.4604 45000 0 45000 0 0 0 5500 7500 0
6.89375 41.3625 45000 0 45000 0 0 0 5500 7500 0
6.89017 41.341 45000 0 45000 0 0 0 5500 7500 0
6.92106 41.5264 45000 0 45000 0 0 0 5500 7500 0
8.2459 49.4754 51437 0 45000 6437 0 0 5500 7500 0
6.92539 41.5523 45000 0 45000 0 0 0 5500 7500 0
6.84799 41.088 45000 0 45000 0 0 0 5500 7500 0
6.91503 41.4902 45000 0 45000 0 0 0 5500 7500 0
6.90373 41.4224 45000 0 45000 0 0 0 5500 7500 0
6.99533 41.972 45000 0 45000 0 0 0 5500 7500 0
6.91523 41.4914 45000 0 45000 0 0 0 5500 7500 0
6.90736 41.4442 45000 0 45000 0 0 0 5500 7500 0
6.9143 41.4858 45000 0 45000 0 0 0 5500 7500 0
8.15533 48.932 51175 0 45000 6175 0 0 5500 7500 0
6.86689 41.2014 45000 0 45000 0 0 0 5500 7500 0
6.87603 41.2562 45000 0 45000 0 0 0 5500 7500 0
6.85837 41.1502 45000 0 45000 0 0 0 5500 7500 0
6.90322 41.4193 45000 0 45000 0 0 0 5500 7500 0
8.20186 49.2112 51239 0 45000 6239 0 0 5500 7500 0
6.88191 41.2915 45000 0 45000 0 0 0 5500 7500 0
8.17372 49.0423 51340 0 45000 6340 0 0 5500 7500 0
6.85349 41.121 45000 0 45000 0 0 0 5500 7500 0
6.89383 41.363 45000 0 45000 0 0 0 5500 7500 0
6.92051 41.523 45000 0 45000 0 0 0 5500 7500 0
6.90737 41.4442 45000 0 45000 0 0 0 5500 7500 0
6.87497 41.2498 45000 0 45000 0 0 0 5500 7500 0
8.18812 49.1287 51547 0 45000 6547 0 0 5500 7500 0
6.90711 41.4427 45000 0 45000 0 0 0 5500 7500 0
6.89424 41.3654 45000 0 45000 0 0 0 5500 7500 0
6.88052 41.2831 45000 0 45000 0 0 0 5500 7500 0
6.92352 41.5411 45000 0 45000 0 0 0 5500 7500 0
6.93892 41.6335 45000 0 45000 0 0 0 5500 7500 0
6.90323 41.4194 45000 0 45000 0 0 0 5500 7500 0
6.90498 41.4299 45000 0 45000 0 0 0 5500 7500 0
6.90645 41.4387 45000 0 45000 0 0 0 5500 7500 0
6.89609 41.3766 45000 0 45000 0 0 0 5500 7500 0
6.91281 41.4769 45000 0 45000 0 0 0 5500 7500 0
6.90748 41.4449 45000 0 45000 0 0 0 5500 7500 0
6.9138 41.4828 45000 0 45000 0 0 0 5500 7500 0
6.93453 41.6072 45000 0 45000 0 0 0 5500 7500 0
6.89857 41.3914 45000 0 45000 0 0 0 5500 7500 0
9.11288 54.6773 57169 0 45000 12169 0 0 5500 7500 0
6.92627 41.5576 45000 0 45000 0 0 0 5500 7500 0
6.91167 41.47 45000 0 45000 0 0 0 5500 7500 0
6.92632 41.5579 45000 0 45000 0 0 0 5500 7500 0
6.96472 41.7883 45000 0 45000 0 0 0 5500 7500 0
6.91294 41.4776 45000 0 45000 0 0 0 5500 7500 0
6.96051 41.7631 45000 0 45000 0 0 0 5500 7500 0
6.89133 41.348 45000 0 45000 0 0 0 5500 7500 0
