dectime	rxtime	totrxpck	droppck	rxpck	uselesspck	PER_estimate	PER	K_TB_SIZE	N_TB_SIZE	faileddec
5.88141 76.4583 45500 0 45500 0 0 0 2500 3500 0
4.9319 64.1148 45500 0 45500 0 0 0 2500 3500 0
4.95497 64.4146 45500 0 45500 0 0 0 2500 3500 0
4.9822 64.7686 45738 0 45500 238 0 0 2500 3500 0
6.09342 79.2144 50826 0 45500 5326 0 0 2500 3500 0
5.10778 66.4011 45500 0 45500 0 0 0 2500 3500 0
6.99777 90.971 48176 0 45500 2676 0 0 2500 3500 0
5.20534 67.6694 45500 0 45500 0 0 0 2500 3500 0
5.06951 65.9036 45500 0 45500 0 0 0 2500 3500 0
4.87184 63.3339 45501 0 45500 1 0 0 2500 3500 0
4.87492 63.374 45504 0 45500 4 0 0 2500 3500 0
4.8977 63.6701 45504 0 45500 4 0 0 2500 3500 0
4.93053 64.0969 45503 0 45500 3 0 0 2500 3500 0
4.9395 64.2135 45507 0 45500 7 0 0 2500 3500 0
5.00314 65.0409 45502 0 45500 2 0 0 2500 3500 0
5.18161 67.361 45509 0 45500 9 0 0 2500 3500 0
5.06633 65.8622 45511 0 45500 11 0 0 2500 3500 0
5.19087 67.4813 45504 0 45500 4 0 0 2500 3500 0
5.13484 66.7529 45506 0 45500 6 0 0 2500 3500 0
5.79181 75.2936 45563 0 45500 63 0 0 2500 3500 0
5.59067 72.6787 46857 0 45500 1357 0 0 2500 3500 0
6.0486 78.6318 50370 0 45500 4870 0 0 2500 3500 0
5.48784 71.3419 45508 0 45500 8 0 0 2500 3500 0
5.19969 67.5959 45503 0 45500 3 0 0 2500 3500 0
6.54583 85.0958 50714 0 45500 5214 0 0 2500 3500 0
6.9926 90.9038 54214 0 52000 2214 0 0 2500 4000 0
6.89841 89.6793 56439 0 52000 4439 0 0 2500 4000 0
7.03886 91.5052 52002 0 52000 2 0 0 2500 4000 0
5.78755 75.2382 52000 0 52000 0 0 0 2500 4000 0
5.80653 75.4849 52004 0 52000 4 0 0 2500 4000 0
5.76807 74.9849 52008 0 52000 8 0 0 2500 4000 0
5.62099 73.0729 52013 0 52000 13 0 0 2500 4000 0
5.82123 75.676 52006 0 52000 6 0 0 2500 4000 0
5.93916 77.209 52014 0 52000 14 0 0 2500 4000 0
5.71994 74.3593 52008 0 52000 8 0 0 2500 4000 0
5.8507 76.0591 52005 0 52000 5 0 0 2500 4000 0
7.29355 65.6419 40502 0 40500 2 0 0 3500 4500 0
6.68745 60.1871 40500 0 40500 0 0 0 3500 4500 0
6.71228 60.4105 40518 0 40500 18 0 0 3500 4500 0
6.70702 60.3632 40507 0 40500 7 0 0 3500 4500 0
6.57216 59.1495 40500 0 40500 0 0 0 3500 4500 0
6.73434 60.609 40500 0 40500 0 0 0 3500 4500 0
6.20438 55.8394 40500 0 40500 0 0 0 3500 4500 0
6.36471 57.2824 40504 0 40500 4 0 0 3500 4500 0
6.40909 57.6818 40500 0 40500 0 0 0 3500 4500 0
6.64691 59.8222 40502 0 40500 2 0 0 3500 4500 0
6.86065 61.7458 40506 0 40500 6 0 0 3500 4500 0
7.15149 64.3634 45000 0 45000 0 0 0 3500 5000 0
7.03604 63.3244 45006 0 45000 6 0 0 3500 5000 0
9.6342 86.7078 45003 0 45000 3 0 0 3500 5000 0
6.96355 62.6719 45000 0 45000 0 0 0 3500 5000 0
7.10673 63.9606 45000 0 45000 0 0 0 3500 5000 0
6.92723 62.3451 45002 0 45000 2 0 0 3500 5000 0
7.02906 63.2615 45003 0 45000 3 0 0 3500 5000 0
7.03988 63.3589 45000 0 45000 0 0 0 3500 5000 0
7.1451 64.3059 45000 0 45000 0 0 0 3500 5000 0
6.97661 62.7895 45000 0 45000 0 0 0 3500 5000 0
7.29346 65.6411 47433 0 45000 2433 0 0 3500 5000 0
8.36179 58.5325 38500 0 38500 0 0 0 4500 5500 0
8.69309 60.8516 38504 0 38500 4 0 0 4500 5500 0
8.28353 57.9847 38500 0 38500 0 0 0 4500 5500 0
8.55113 59.8579 38500 0 38500 0 0 0 4500 5500 0
8.47985 59.3589 38500 0 38500 0 0 0 4500 5500 0
8.35067 58.4547 38500 0 38500 0 0 0 4500 5500 0
8.69939 60.8957 38500 0 38500 0 0 0 4500 5500 0
8.51422 59.5995 38500 0 38500 0 0 0 4500 5500 0
8.26083 57.8258 38500 0 38500 0 0 0 4500 5500 0
8.44598 59.1219 38500 0 38500 0 0 0 4500 5500 0
8.14772 57.034 39088 0 38500 588 0 0 4500 5500 0
8.36609 58.5626 42000 0 42000 0 0 0 4500 6000 0
8.38426 58.6899 42000 0 42000 0 0 0 4500 6000 0
8.28719 58.0103 42000 0 42000 0 0 0 4500 6000 0
8.22111 57.5478 42000 0 42000 0 0 0 4500 6000 0
8.21918 57.5343 42000 0 42000 0 0 0 4500 6000 0
8.17753 57.2427 42000 0 42000 0 0 0 4500 6000 0
8.96782 62.7748 46699 0 42000 4699 0 0 4500 6000 0
8.14061 56.9843 42000 0 42000 0 0 0 4500 6000 0
8.14257 56.998 42000 0 42000 0 0 0 4500 6000 0
8.2881 58.0167 42000 0 42000 0 0 0 4500 6000 0
8.42202 58.9542 42000 0 42000 0 0 0 4500 6000 0
end of operations
8.1496 57.0472 38503 0 38500 3 0 0 4500 5500 0
8.23734 57.6614 38500 0 38500 0 0 0 4500 5500 0
8.28347 57.9843 38504 0 38500 4 0 0 4500 5500 0
8.09574 56.6702 38500 0 38500 0 0 0 4500 5500 0
8.08444 56.5911 38504 0 38500 4 0 0 4500 5500 0
7.99267 55.9487 38502 0 38500 2 0 0 4500 5500 0
8.25392 57.7774 38500 0 38500 0 0 0 4500 5500 0
7.87224 55.1057 38500 0 38500 0 0 0 4500 5500 0
7.93551 55.5486 39088 0 38500 588 0 0 4500 5500 0
8.32594 58.2816 39088 0 38500 588 0 0 4500 5500 0
8.07899 56.5529 39088 0 38500 588 0 0 4500 5500 0
8.18828 57.3179 42000 0 42000 0 0 0 4500 6000 0
8.03005 56.2103 42000 0 42000 0 0 0 4500 6000 0
8.28543 57.998 42000 0 42000 0 0 0 4500 6000 0
8.24699 57.729 42710 0 42000 710 0 0 4500 6000 0
8.2944 58.0608 42014 0 42000 14 0 0 4500 6000 0
8.21599 57.5119 42000 0 42000 0 0 0 4500 6000 0
8.45934 59.2154 42031 0 42000 31 0 0 4500 6000 0
8.16138 57.1296 42011 0 42000 11 0 0 4500 6000 0
8.42146 58.9502 42000 0 42000 0 0 0 4500 6000 0
8.34408 58.4085 42000 0 42000 0 0 0 4500 6000 0
8.34479 58.4135 42000 0 42000 0 0 0 4500 6000 0
end of operations
8.15152 57.0606 38502 0 38500 2 0 0 4500 5500 0
8.19508 57.3656 38502 0 38500 2 0 0 4500 5500 0
8.17616 57.2331 38500 0 38500 0 0 0 4500 5500 0
8.05356 56.3749 38500 0 38500 0 0 0 4500 5500 0
8.08524 56.5967 38500 0 38500 0 0 0 4500 5500 0
8.17346 57.2142 38501 0 38500 1 0 0 4500 5500 0
8.18942 57.326 39088 0 38500 588 0 0 4500 5500 0
8.11477 56.8034 39088 0 38500 588 0 0 4500 5500 0
8.13239 56.9267 39088 0 38500 588 0 0 4500 5500 0
8.15576 57.0903 39088 0 38500 588 0 0 4500 5500 0
8.01782 56.1248 39088 0 38500 588 0 0 4500 5500 0
8.11824 56.8277 42004 0 42000 4 0 0 4500 6000 0
8.0423 56.2961 42000 0 42000 0 0 0 4500 6000 0
8.40632 58.8443 42007 0 42000 7 0 0 4500 6000 0
8.10771 56.754 42000 0 42000 0 0 0 4500 6000 0
9.01363 63.0954 46908 0 42000 4908 0 0 4500 6000 0
8.05713 56.3999 42000 0 42000 0 0 0 4500 6000 0
8.34471 58.413 42000 0 42000 0 0 0 4500 6000 0
8.40709 58.8496 42000 0 42000 0 0 0 4500 6000 0
8.36068 58.5248 42000 0 42000 0 0 0 4500 6000 0
8.34679 58.4275 42000 0 42000 0 0 0 4500 6000 0
8.41277 58.8894 42000 0 42000 0 0 0 4500 6000 0
end of operations
8.12432 56.8702 38500 0 38500 0 0 0 4500 5500 0
8.21097 57.4768 38500 0 38500 0 0 0 4500 5500 0
8.43703 59.0592 38503 0 38500 3 0 0 4500 5500 0
8.13165 56.9215 38500 0 38500 0 0 0 4500 5500 0
8.44238 59.0967 39088 0 38500 588 0 0 4500 5500 0
8.0092 56.0644 39088 0 38500 588 0 0 4500 5500 0
8.15351 57.0746 39088 0 38500 588 0 0 4500 5500 0
7.96472 55.753 39088 0 38500 588 0 0 4500 5500 0
7.9102 55.3714 39088 0 38500 588 0 0 4500 5500 0
8.49635 59.4744 39088 0 38500 588 0 0 4500 5500 0
7.94381 55.6067 39088 0 38500 588 0 0 4500 5500 0
8.2091 57.4637 42000 0 42000 0 0 0 4500 6000 0
8.15013 57.0509 42000 0 42000 0 0 0 4500 6000 0
8.35159 58.4612 42003 0 42000 3 0 0 4500 6000 0
8.10097 56.7068 42002 0 42000 2 0 0 4500 6000 0
8.25219 57.7653 42000 0 42000 0 0 0 4500 6000 0
8.31511 58.2058 42000 0 42000 0 0 0 4500 6000 0
8.33339 58.3338 42000 0 42000 0 0 0 4500 6000 0
8.37619 58.6333 42000 0 42000 0 0 0 4500 6000 0
8.32402 58.2682 42000 0 42000 0 0 0 4500 6000 0
8.4335 59.0345 42000 0 42000 0 0 0 4500 6000 0
8.41842 58.9289 42000 0 42000 0 0 0 4500 6000 0
end of operations
7.94378 55.6065 38500 0 38500 0 0 0 4500 5500 0
8.31386 58.1971 38502 0 38500 2 0 0 4500 5500 0
12.4534 87.1739 54410 0 38500 15910 0 0 4500 5500 0
9.68312 67.7818 46746 0 38500 8246 0 0 4500 5500 0
8.38142 58.6699 38990 0 38500 490 0 0 4500 5500 0
8.08764 56.6135 39088 0 38500 588 0 0 4500 5500 0
8.21332 57.4933 38892 0 38500 392 0 0 4500 5500 0
15.6305 109.413 57182 0 38500 18682 0 0 4500 5500 0
11.991 83.9371 55145 0 38500 16645 0 0 4500 5500 0
8.03189 56.2233 39001 0 38500 501 0 0 4500 5500 0
8.03985 56.2789 39088 0 38500 588 0 0 4500 5500 0
8.42119 58.9483 42000 0 42000 0 0 0 4500 6000 0
8.26919 57.8843 42000 0 42000 0 0 0 4500 6000 0
8.7488 61.2416 44622 0 42000 2622 0 0 4500 6000 0
8.27775 57.9443 42000 0 42000 0 0 0 4500 6000 0
8.24825 57.7378 42000 0 42000 0 0 0 4500 6000 0
8.40525 58.8367 43292 0 42000 1292 0 0 4500 6000 0
8.41973 58.9381 42000 0 42000 0 0 0 4500 6000 0
8.51847 59.6293 42000 0 42000 0 0 0 4500 6000 0
8.3987 58.7909 42000 0 42000 0 0 0 4500 6000 0
8.38978 58.7285 42000 0 42000 0 0 0 4500 6000 0
end of operations
6.55107 85.1639 45500 0 45500 0 0 0 2500 3500 0
4.86596 63.2575 45501 0 45500 1 0 0 2500 3500 0
5.0998 66.2974 47271 0 45500 1771 0 0 2500 3500 0
5.71542 74.3004 46066 0 45500 566 0 0 2500 3500 0
4.73805 61.5946 45500 0 45500 0 0 0 2500 3500 0
4.96035 64.4845 46497 0 45500 997 0 0 2500 3500 0
5.05521 65.7177 48526 0 45500 3026 0 0 2500 3500 0
6.11976 79.5569 57259 0 45500 11759 0 0 2500 3500 0
4.93075 64.0998 45500 0 45500 0 0 0 2500 3500 0
5.00655 65.0852 48365 0 45500 2865 0 0 2500 3500 0
5.34691 69.5098 52000 0 52000 0 0 0 2500 4000 0
5.33359 69.3367 52005 0 52000 5 0 0 2500 4000 0
5.37184 69.8339 52000 0 52000 0 0 0 2500 4000 0
6.09158 79.1905 57469 0 52000 5469 0 0 2500 4000 0
5.50412 71.5535 52000 0 52000 0 0 0 2500 4000 0
5.54801 72.1242 52000 0 52000 0 0 0 2500 4000 0
5.40695 70.2903 52000 0 52000 0 0 0 2500 4000 0
5.44374 70.7686 52000 0 52000 0 0 0 2500 4000 0
5.7528 74.7864 52002 0 52000 2 0 0 2500 4000 0
5.41493 70.3941 52006 0 52000 6 0 0 2500 4000 0
9.96978 129.607 68343 0 52000 16343 0 0 2500 4000 0
14.7531 132.778 74805 0 40500 34305 0 0 3500 4500 0
6.56086 59.0477 40500 0 40500 0 0 0 3500 4500 0
6.35451 57.1906 40500 0 40500 0 0 0 3500 4500 0
6.33844 57.0459 40502 0 40500 2 0 0 3500 4500 0
6.4228 57.8052 40507 0 40500 7 0 0 3500 4500 0
14.2187 127.968 46145 0 40500 5645 0 0 3500 4500 0
6.26972 56.4275 40500 0 40500 0 0 0 3500 4500 0
6.26612 56.3951 40500 0 40500 0 0 0 3500 4500 0
6.18975 55.7078 40500 0 40500 0 0 0 3500 4500 0
6.21655 55.9489 40500 0 40500 0 0 0 3500 4500 0
6.53484 58.8135 43662 0 40500 3162 0 0 3500 4500 0
9.11029 81.9926 45000 0 45000 0 0 0 3500 5000 0
6.67981 60.1183 45000 0 45000 0 0 0 3500 5000 0
7.19329 64.7396 48820 0 45000 3820 0 0 3500 5000 0
7.28875 65.5988 49295 0 45000 4295 0 0 3500 5000 0
6.69664 60.2697 45000 0 45000 0 0 0 3500 5000 0
6.85086 61.6577 45004 0 45000 4 0 0 3500 5000 0
13.0823 117.741 84374 0 45000 39374 0 0 3500 5000 0
6.67329 60.0596 45000 0 45000 0 0 0 3500 5000 0
6.65936 59.9342 45000 0 45000 0 0 0 3500 5000 0
6.74068 60.6661 45001 0 45000 1 0 0 3500 5000 0
6.66812 60.0131 45000 0 45000 0 0 0 3500 5000 0
end of operations
4.7401 61.6213 45500 0 45500 0 0 0 2500 3500 0
4.68351 60.8857 45500 0 45500 0 0 0 2500 3500 0
4.706 61.178 45500 0 45500 0 0 0 2500 3500 0
4.77161 62.0309 46225 0 45500 725 0 0 2500 3500 0
4.99271 64.9053 48561 0 45500 3061 0 0 2500 3500 0
4.81323 62.572 45503 0 45500 3 0 0 2500 3500 0
4.78516 62.207 46324 0 45500 824 0 0 2500 3500 0
4.70203 61.1264 45500 0 45500 0 0 0 2500 3500 0
4.75472 61.8114 45500 0 45500 0 0 0 2500 3500 0
4.73778 61.5911 45502 0 45500 2 0 0 2500 3500 0
5.03817 65.4962 48545 0 45500 3045 0 0 2500 3500 0
5.25253 68.2829 52000 0 52000 0 0 0 2500 4000 0
5.3136 69.0768 52003 0 52000 3 0 0 2500 4000 0
5.28916 68.7591 52000 0 52000 0 0 0 2500 4000 0
5.30419 68.9545 52000 0 52000 0 0 0 2500 4000 0
5.27534 68.5794 52000 0 52000 0 0 0 2500 4000 0
5.29693 68.8601 52000 0 52000 0 0 0 2500 4000 0
5.5974 72.7662 55508 0 52000 3508 0 0 2500 4000 0
5.45734 70.9455 53514 0 52000 1514 0 0 2500 4000 0
5.34058 69.4275 52000 0 52000 0 0 0 2500 4000 0
5.28989 68.7685 52000 0 52000 0 0 0 2500 4000 0
5.30573 68.9745 52001 0 52000 1 0 0 2500 4000 0
6.21035 55.8932 40500 0 40500 0 0 0 3500 4500 0
6.16382 55.4744 40500 0 40500 0 0 0 3500 4500 0
6.16414 55.4773 40500 0 40500 0 0 0 3500 4500 0
6.21549 55.9394 40500 0 40500 0 0 0 3500 4500 0
6.29397 56.6457 40500 0 40500 0 0 0 3500 4500 0
6.3306 56.9754 40504 0 40500 4 0 0 3500 4500 0
6.25698 56.3129 40500 0 40500 0 0 0 3500 4500 0
6.24283 56.1855 40500 0 40500 0 0 0 3500 4500 0
6.70257 60.3231 44038 0 40500 3538 0 0 3500 4500 0
6.16685 55.5016 40500 0 40500 0 0 0 3500 4500 0
6.25298 56.2768 40503 0 40500 3 0 0 3500 4500 0
6.68195 60.1376 45000 0 45000 0 0 0 3500 5000 0
7.21611 64.945 49351 0 45000 4351 0 0 3500 5000 0
6.7768 60.9912 45002 0 45000 2 0 0 3500 5000 0
7.20961 64.8865 47631 0 45000 2631 0 0 3500 5000 0
6.72512 60.5261 45000 0 45000 0 0 0 3500 5000 0
6.72383 60.5145 45000 0 45000 0 0 0 3500 5000 0
6.76218 60.8596 45000 0 45000 0 0 0 3500 5000 0
6.74809 60.7328 45000 0 45000 0 0 0 3500 5000 0
6.74214 60.6792 45001 0 45000 1 0 0 3500 5000 0
6.76368 60.8731 45003 0 45000 3 0 0 3500 5000 0
6.76824 60.9141 45000 0 45000 0 0 0 3500 5000 0
end of operations
4.74574 61.6946 45500 0 45500 0 0 0 2500 3500 0
4.69384 61.0199 45500 0 45500 0 0 0 2500 3500 0
4.70491 61.1639 45500 0 45500 0 0 0 2500 3500 0
4.6877 60.9401 45500 0 45500 0 0 0 2500 3500 0
4.71301 61.2691 45500 0 45500 0 0 0 2500 3500 0
4.72926 61.4803 45500 0 45500 0 0 0 2500 3500 0
4.80735 62.4956 45504 0 45500 4 0 0 2500 3500 0
5.04072 65.5294 45507 0 45500 7 0 0 2500 3500 0
6.03667 78.4767 48906 0 45500 3406 0 0 2500 3500 0
7.4092 96.3196 58439 0 45500 12939 0 0 2500 3500 0
4.77179 62.0333 45500 0 45500 0 0 0 2500 3500 0
5.38093 69.9521 52000 0 52000 0 0 0 2500 4000 0
5.33605 69.3687 52002 0 52000 2 0 0 2500 4000 0
7.68912 99.9586 52000 0 52000 0 0 0 2500 4000 0
5.31379 69.0793 52000 0 52000 0 0 0 2500 4000 0
6.91894 89.9462 58470 0 52000 6470 0 0 2500 4000 0
5.27191 68.5349 52000 0 52000 0 0 0 2500 4000 0
5.31994 69.1593 52000 0 52000 0 0 0 2500 4000 0
6.10843 79.4096 59944 0 52000 7944 0 0 2500 4000 0
6.01407 78.1829 58402 0 52000 6402 0 0 2500 4000 0
5.38547 70.0111 52000 0 52000 0 0 0 2500 4000 0
6.33965 82.4154 63123 0 52000 11123 0 0 2500 4000 0
7.30711 65.764 43631 0 40500 3131 0 0 3500 4500 0
6.19305 55.7375 40500 0 40500 0 0 0 3500 4500 0
6.19466 55.7519 40500 0 40500 0 0 0 3500 4500 0
6.77477 60.973 43576 0 40500 3076 0 0 3500 4500 0
6.39953 57.5958 40500 0 40500 0 0 0 3500 4500 0
6.27224 56.4502 40500 0 40500 0 0 0 3500 4500 0
6.20323 55.8291 40500 0 40500 0 0 0 3500 4500 0
6.28197 56.5378 40500 0 40500 0 0 0 3500 4500 0
6.35753 57.2177 40503 0 40500 3 0 0 3500 4500 0
7.26233 65.3609 46840 0 40500 6340 0 0 3500 4500 0
7.58653 68.2788 49526 0 40500 9026 0 0 3500 4500 0
6.69142 60.2228 45000 0 45000 0 0 0 3500 5000 0
7.04286 63.3857 45000 0 45000 0 0 0 3500 5000 0
6.70074 60.3067 45000 0 45000 0 0 0 3500 5000 0
6.64032 59.7628 45000 0 45000 0 0 0 3500 5000 0
6.75164 60.7648 45000 0 45000 0 0 0 3500 5000 0
6.76617 60.8955 45004 0 45000 4 0 0 3500 5000 0
6.91636 62.2472 46520 0 45000 1520 0 0 3500 5000 0
6.7782 61.0038 45001 0 45000 1 0 0 3500 5000 0
6.92582 62.3323 45000 0 45000 0 0 0 3500 5000 0
7.32116 65.8904 45000 0 45000 0 0 0 3500 5000 0
6.94938 62.5444 45000 0 45000 0 0 0 3500 5000 0
end of operations
5.08868 66.1528 45500 0 45500 0 0 0 2500 3500 0
