6.40377 83.249 70292 0 45500 24792 0 0 2500 3500 0
3.36386 43.7301 45863 0 45500 363 0 0 2500 3500 0
3.42991 44.5888 48683 0 45500 3183 0 0 2500 3500 0
3.25959 42.3747 45500 0 45500 0 0 0 2500 3500 0
3.40303 44.2394 48294 0 45500 2794 0 0 2500 3500 0
3.41534 44.3994 48233 0 45500 2733 0 0 2500 3500 0
3.36369 43.728 47770 0 45500 2270 0 0 2500 3500 0
3.24974 42.2467 45500 0 45500 0 0 0 2500 3500 0
3.22428 41.9157 45500 0 45500 0 0 0 2500 3500 0
3.43005 44.5907 48380 0 45500 2880 0 0 2500 3500 0
3.60545 46.8708 52000 0 52000 0 0 0 2500 4000 0
4.62586 60.1362 62521 0 52000 10521 0 0 2500 4000 0
3.66417 47.6342 52000 0 52000 0 0 0 2500 4000 0
3.88791 50.5428 55022 0 52000 3022 0 0 2500 4000 0
3.59694 46.7603 52000 0 52000 0 0 0 2500 4000 0
4.19154 54.49 58743 0 52000 6743 0 0 2500 4000 0
3.60009 46.8012 52000 0 52000 0 0 0 2500 4000 0
3.62901 47.1772 52000 0 52000 0 0 0 2500 4000 0
3.67617 47.7902 52000 0 52000 0 0 0 2500 4000 0
3.6165 47.0145 52000 0 52000 0 0 0 2500 4000 0
4.57797 59.5136 63391 0 58500 4891 0 0 2500 4500 0
5.16441 67.1373 70085 0 58500 11585 0 0 2500 4500 0
4.98855 64.8512 67972 0 58500 9472 0 0 2500 4500 0
4.07452 52.9687 58500 0 58500 0 0 0 2500 4500 0
4.06699 52.8708 58500 0 58500 0 0 0 2500 4500 0
4.50811 58.6055 62760 0 58500 4260 0 0 2500 4500 0
5.02389 65.3106 70062 0 58500 11562 0 0 2500 4500 0
5.04069 65.529 66163 0 58500 7663 0 0 2500 4500 0
4.50467 58.5607 62814 0 58500 4314 0 0 2500 4500 0
4.08931 53.161 58500 0 58500 0 0 0 2500 4500 0
4.60789 41.471 40500 0 40500 0 0 0 3500 4500 0
4.40916 39.6824 40500 0 40500 0 0 0 3500 4500 0
4.50283 40.5255 40500 0 40500 0 0 0 3500 4500 0
4.38471 39.4624 40500 0 40500 0 0 0 3500 4500 0
4.43258 39.8933 40500 0 40500 0 0 0 3500 4500 0
4.4931 40.4379 40500 0 40500 0 0 0 3500 4500 0
4.90398 44.1358 43963 0 40500 3463 0 0 3500 4500 0
4.37492 39.3743 40500 0 40500 0 0 0 3500 4500 0
4.48273 40.3445 40500 0 40500 0 0 0 3500 4500 0
4.48141 40.3327 40500 0 40500 0 0 0 3500 4500 0
4.6555 41.8995 45000 0 45000 0 0 0 3500 5000 0
4.67415 42.0674 45000 0 45000 0 0 0 3500 5000 0
5.11194 46.0075 48423 0 45000 3423 0 0 3500 5000 0
5.75969 51.8372 52559 0 45000 7559 0 0 3500 5000 0
4.71374 42.4237 45000 0 45000 0 0 0 3500 5000 0
4.63531 41.7178 45000 0 45000 0 0 0 3500 5000 0
5.1639 46.4751 49345 0 45000 4345 0 0 3500 5000 0
4.65174 41.8657 45000 0 45000 0 0 0 3500 5000 0
4.63353 41.7017 45000 0 45000 0 0 0 3500 5000 0
5.24086 47.1678 49342 0 45000 4342 0 0 3500 5000 0
4.99862 44.9876 49500 0 49500 0 0 0 3500 5500 0
4.99893 44.9904 49500 0 49500 0 0 0 3500 5500 0
5.79088 52.1179 54432 0 49500 4932 0 0 3500 5500 0
6.44051 57.9646 60095 0 49500 10595 0 0 3500 5500 0
5.61894 50.5705 54663 0 49500 5163 0 0 3500 5500 0
4.95322 44.579 49500 0 49500 0 0 0 3500 5500 0
4.87889 43.91 49500 0 49500 0 0 0 3500 5500 0
6.37609 57.3848 59539 0 49500 10039 0 0 3500 5500 0
5.47949 49.3154 53965 0 49500 4465 0 0 3500 5500 0
5.44019 48.9617 53118 0 49500 3618 0 0 3500 5500 0
9.32879 65.3015 38500 0 38500 0 0 0 4500 5500 0
6.70507 46.9355 42464 0 38500 3964 0 0 4500 5500 0
6.16515 43.1561 38500 0 38500 0 0 0 4500 5500 0
6.01141 42.0799 38500 0 38500 0 0 0 4500 5500 0
6.17723 43.2406 38500 0 38500 0 0 0 4500 5500 0
5.87252 41.1077 38500 0 38500 0 0 0 4500 5500 0
7.5752 53.0264 46204 0 38500 7704 0 0 4500 5500 0
7.11622 49.8136 42656 0 38500 4156 0 0 4500 5500 0
7.59465 53.1626 47896 0 38500 9396 0 0 4500 5500 0
5.86252 41.0376 38500 0 38500 0 0 0 4500 5500 0
5.70626 39.9438 42000 0 42000 0 0 0 4500 6000 0
5.59147 39.1403 42000 0 42000 0 0 0 4500 6000 0
6.20241 43.4168 42000 0 42000 0 0 0 4500 6000 0
6.32992 44.3095 42000 0 42000 0 0 0 4500 6000 0
5.66103 39.6272 42000 0 42000 0 0 0 4500 6000 0
5.49129 38.439 42000 0 42000 0 0 0 4500 6000 0
5.7979 40.5853 42000 0 42000 0 0 0 4500 6000 0
5.5421 38.7947 42000 0 42000 0 0 0 4500 6000 0
5.50483 38.5338 42000 0 42000 0 0 0 4500 6000 0
5.56484 38.9539 42000 0 42000 0 0 0 4500 6000 0
7.01811 49.1268 51322 0 45500 5822 0 0 4500 6500 0
6.02836 42.1985 45500 0 45500 0 0 0 4500 6500 0
9.69741 67.8819 61561 0 45500 16061 0 0 4500 6500 0
7.92873 55.5011 53445 0 45500 7945 0 0 4500 6500 0
6.64756 46.5329 48647 0 45500 3147 0 0 4500 6500 0
6.43922 45.0745 46064 0 45500 564 0 0 4500 6500 0
8.22602 57.5822 56275 0 45500 10775 0 0 4500 6500 0
5.90048 41.3034 45500 0 45500 0 0 0 4500 6500 0
5.7923 40.5461 45500 0 45500 0 0 0 4500 6500 0
5.75107 40.2575 45500 0 45500 0 0 0 4500 6500 0
18.9859 113.916 40502 0 39000 1502 0 0 5500 6500 0
8.99603 53.9762 39098 0 39000 98 0 0 5500 6500 0
10.4291 62.5748 39098 0 39000 98 0 0 5500 6500 0
8.74153 52.4492 39000 0 39000 0 0 0 5500 6500 0
10.9468 65.6811 39098 0 39000 98 0 0 5500 6500 0
10.1056 60.6338 39000 0 39000 0 0 0 5500 6500 0
8.90612 53.4367 39000 0 39000 0 0 0 5500 6500 0
9.7771 58.6626 43343 0 39000 4343 0 0 5500 6500 0
8.41674 50.5004 39000 0 39000 0 0 0 5500 6500 0
11.8552 71.131 39000 0 39000 0 0 0 5500 6500 0
6.80429 40.8257 42000 0 42000 0 0 0 5500 7000 0
6.74606 40.4764 42000 0 42000 0 0 0 5500 7000 0
6.77664 40.6598 42000 0 42000 0 0 0 5500 7000 0
6.70098 40.2059 42000 0 42000 0 0 0 5500 7000 0
6.73096 40.3857 42000 0 42000 0 0 0 5500 7000 0
6.75144 40.5086 42000 0 42000 0 0 0 5500 7000 0
6.62621 39.7572 42000 0 42000 0 0 0 5500 7000 0
6.85204 41.1122 42000 0 42000 0 0 0 5500 7000 0
6.8016 40.8096 42000 0 42000 0 0 0 5500 7000 0
7.84345 47.0607 47576 0 42000 5576 0 0 5500 7000 0
6.90878 41.4527 45000 0 45000 0 0 0 5500 7500 0
9.8083 58.8498 58078 0 45000 13078 0 0 5500 7500 0
8.26367 49.582 51712 0 45000 6712 0 0 5500 7500 0
6.90956 41.4574 45000 0 45000 0 0 0 5500 7500 0
6.81309 40.8786 45000 0 45000 0 0 0 5500 7500 0
9.16878 55.0127 55065 0 45000 10065 0 0 5500 7500 0
7.1212 42.7272 45000 0 45000 0 0 0 5500 7500 0
14.1586 84.9518 68507 0 45000 23507 0 0 5500 7500 0
6.90103 41.4062 45000 0 45000 0 0 0 5500 7500 0
6.98982 41.9389 45000 0 45000 0 0 0 5500 7500 0
