70791 31499 83.3277 4.43627 9.97032 0.0736803 0 2500 3500
48571 31499 43.8109 8.4377 13.0111 0.00819576 0 2500 3500
48861 31499 44.6616 8.277 12.8395 0.00797635 0 2500 3500
45500 31499 42.4585 8.70646 12.5767 0 0 2500 3500
48312 31499 44.3346 8.33804 12.7889 0.00595056 0 2500 3500
48280 31499 44.4707 8.31253 12.7413 0.00583128 0 2500 3500
47803 31499 43.7986 8.44008 12.809 0.00475094 0 2500 3500
45500 31499 42.3201 8.73495 12.6178 0 0 2500 3500
45500 31499 41.9879 8.80406 12.7177 0 0 2500 3500
48406 31499 44.6788 8.2738 12.715 0.00679485 0 2500 3500
52000 31499 46.9494 7.87367 12.9985 0 0 2500 4000
62542 31499 60.2192 6.13864 12.1887 0.0382658 0 2500 4000
52000 31499 47.715 7.74732 12.7899 0 0 2500 4000
55026 31499 50.6256 7.30192 12.7561 0.00518496 0 2500 4000
52000 31499 46.8407 7.89193 13.0287 0 0 2500 4000
58746 31499 54.5732 6.77373 12.6334 0.0141225 0 2500 4000
52000 31499 46.8834 7.88475 13.0168 0 0 2500 4000
55133 31499 47.2612 7.82171 13.6907 0.00568262 0 2500 4000
55490 31499 47.8941 7.71836 13.5973 0.00628942 0 2500 4000
52000 31499 47.0962 7.84911 12.958 0 0 2500 4000
63399 31499 59.6095 6.20142 12.4821 0.00931519 0 2500 4500
70111 31499 67.2367 5.49794 12.2377 0.0316485 0 2500 4500
67973 31499 64.9561 5.69098 12.2811 0.0182408 0 2500 4500
58500 31499 53.0729 6.96521 12.9361 0 0 2500 4500
58500 31499 52.9677 6.97903 12.9618 0 0 2500 4500
62767 31499 58.7126 6.29616 12.5464 0.00794797 0 2500 4500
70069 31499 65.4072 5.65173 12.5725 0.0247983 0 2500 4500
66170 31499 65.6295 5.63258 11.8326 0.0128725 0 2500 4500
62814 31499 58.6507 6.3028 12.5691 0.0130513 0 2500 4500
58500 31499 53.2552 6.94137 12.8918 0 0 2500 4500
48111 31499 41.5901 8.88825 13.5761 0.0158197 0 3500 4500
40510 31499 39.8922 9.26657 11.9178 0.000352178 0 3500 4500
44147 31499 40.6274 9.09887 12.7527 0.00826104 0 3500 4500
40500 31499 39.5789 9.33991 12.0091 0 0 3500 4500
40500 31499 40.0332 9.23394 11.8729 0 0 3500 4500
40500 31499 40.5276 9.12129 11.728 0 0 3500 4500
44368 31499 44.2329 8.35721 11.7719 0.0161418 0 3500 4500
40500 31499 39.4688 9.36598 12.0426 0 0 3500 4500
40500 31499 40.4465 9.13957 11.7515 0 0 3500 4500
40500 31499 40.4293 9.14347 11.7565 0 0 3500 4500
45000 31499 41.9982 8.80189 12.5748 0 0 3500 5000
45053 31499 42.1722 8.76558 12.5377 0.000969746 0 3500 5000
48524 31499 46.1106 8.01688 12.3502 0.0119957 0 3500 5000
52603 31499 51.9412 7.11697 11.8855 0.0302638 0 3500 5000
45138 31499 42.5255 8.69276 12.457 0.00316744 0 3500 5000
45058 31499 41.8188 8.83965 12.6451 0.000128723 0 3500 5000
49432 31499 46.5778 7.93648 12.4552 0.0265499 0 3500 5000
45000 31499 41.9636 8.80914 12.5852 0 0 3500 5000
45148 31499 41.8009 8.84343 12.6757 0.00217841 0 3500 5000
49524 31499 47.2683 7.82053 12.296 0.0134988 0 3500 5000
49500 31499 45.0995 8.19662 12.8811 0 0 3500 5500
49623 31499 45.098 8.1969 12.9136 0.000247869 0 3500 5500
54514 31499 52.2278 7.07791 12.2497 0.0111095 0 3500 5500
60311 31499 58.0823 6.36448 12.1863 0.0674024 0 3500 5500
54765 31499 50.6799 7.29408 12.682 0.0201279 0 3500 5500
49500 31499 44.6893 8.27187 12.9994 0 0 3500 5500
49500 31499 44.0354 8.39468 13.1924 0 0 3500 5500
59634 31499 57.4956 6.42942 12.1725 0.0326522 0 3500 5500
54046 31499 49.4241 7.47941 12.8335 0.0198154 0 3500 5500
53209 31499 49.071 7.53325 12.7257 0.0288613 0 3500 5500
38500 31499 65.4191 5.6507 6.90679 0 0 4500 5500
44336 31499 47.0493 7.85695 11.0592 0.0395863 0 4500 5500
38500 31499 43.2811 8.541 10.4396 0 0 4500 5500
43364 31499 42.1932 8.76122 12.0617 0.0112167 0 4500 5500
38500 31499 43.3624 8.52498 10.42 0 0 4500 5500
38500 31499 41.2188 8.96833 10.9619 0 0 4500 5500
47355 31499 53.1419 6.95616 10.458 0.0309011 0 4500 5500
51800 31499 49.9297 7.40369 12.1756 0.0319637 0 4500 5500
51648 31499 53.2792 6.93824 11.3767 0.0846099 0 4500 5500
38500 31499 41.1522 8.98285 10.9796 0 0 4500 5500
42000 31499 40.0651 9.22657 12.3028 0 0 4500 6000
42000 31499 39.2713 9.41306 12.5514 0 0 4500 6000
42000 31499 43.5372 8.49076 11.3216 0 0 4500 6000
42000 31499 44.4448 8.31736 11.0904 0 0 4500 6000
42000 31499 39.7502 9.29966 12.4002 0 0 4500 6000
42000 31499 38.5697 9.58429 12.7798 0 0 4500 6000
42000 31499 40.7088 9.08069 12.1082 0 0 4500 6000
42000 31499 38.914 9.49951 12.6667 0 0 4500 6000
42000 31499 38.6654 9.56059 12.7482 0 0 4500 6000
42000 31499 39.0788 9.45945 12.6133 0 0 4500 6000
53233 31499 49.2567 7.50484 12.6834 0.033611 0 4500 6500
56601 31499 42.3299 8.73293 15.6927 0.0196127 0 4500 6500
65137 31499 68.017 5.43487 11.2391 0.0803536 0 4500 6500
53880 31499 55.6286 6.6452 11.3671 0.048137 0 4500 6500
48800 31499 46.7004 7.91564 12.2636 0.0316291 0 4500 6500
46253 31499 45.2334 8.17237 12.0005 0.00384015 0 4500 6500
65627 31499 57.7121 6.40531 13.3455 0.0708945 0 4500 6500
45500 31499 41.4355 8.92143 12.8872 0 0 4500 6500
45500 31499 40.6722 9.08885 13.1291 0 0 4500 6500
45500 31499 40.3868 9.15309 13.2219 0 0 4500 6500
44171 31499 114.06 3.24096 4.54489 0.0522364 0 5500 6500
40322 31499 54.1099 6.83171 8.74551 0.0145797 0 5500 6500
40386 31499 62.7629 5.88985 7.55176 0.0312604 0 5500 6500
39000 31499 52.5794 7.03058 8.70501 0 0 5500 6500
39818 31499 65.857 5.61312 7.09574 0.0124258 0 5500 6500
39000 31499 60.7737 6.08262 7.53128 0 0 5500 6500
39000 31499 53.5861 6.8985 8.54147 0 0 5500 6500
47164 31499 58.7944 6.2874 9.41445 0.0352296 0 5500 6500
39000 31499 50.6394 7.29992 9.0385 0 0 5500 6500
39000 31499 71.2694 5.18685 6.42217 0 0 5500 6500
42000 31499 40.9695 9.02289 12.0312 0 0 5500 7000
42000 31499 40.6325 9.09774 12.131 0 0 5500 7000
42000 31499 40.8035 9.0596 12.0801 0 0 5500 7000
42000 31499 40.3684 9.15725 12.2103 0 0 5500 7000
48563 31499 40.5233 9.12225 14.0644 0.0135144 0 5500 7000
42000 31499 40.6565 9.09236 12.1238 0 0 5500 7000
42000 31499 39.898 9.26523 12.3543 0 0 5500 7000
42000 31499 41.2693 8.95735 11.9438 0 0 5500 7000
42219 31499 40.9483 9.02757 12.1002 0.000518724 0 5500 7000
48404 31499 47.2108 7.83007 12.0326 0.0250004 0 5500 7000
45000 31499 41.605 8.88508 12.6937 0 0 5500 7500
60408 31499 59.0236 6.26298 12.0113 0.0319314 0 5500 7500
52114 31499 49.7345 7.43275 12.2975 0.0306091 0 5500 7500
45000 31499 41.6422 8.87714 12.6823 0 0 5500 7500
45000 31499 41.0312 9.00933 12.8712 0 0 5500 7500
55422 31499 55.1628 6.70132 11.7911 0.0246724 0 5500 7500
45000 31499 42.8808 8.62072 12.316 0 0 5500 7500
78662 31499 85.1359 4.34204 10.8436 0.0706956 0 5500 7500
51856 31499 41.5525 8.89631 14.6461 0.0132212 0 5500 7500
45000 31499 42.088 8.78311 12.548 0 0 5500 7500
